## New atom 1
1 4
0 0 3 1.0 1.0
     18.7311370              0.03349460
      2.8253937              0.23472695
      0.6401217              0.81375733
0 0 1 0 1.0
      0.1612778              1.00000000
0 2 1 0 1.0
      1.5000000              1.0000000
0 2 1 0 1.0
      0.3750000              1.0000000
## New atom 5
5 6
0 0 6 2.0 1.0
   2068.8823000              0.0018663
    310.6495700              0.0142515
     70.6830330              0.0695516
     19.8610800              0.2325729
      6.2993048              0.4670787
      2.1270270              0.3634314
0 1 3 3.0 1.0
      4.7279710             -0.1303938              0.0745976
      1.1903377             -0.1307889              0.3078467
      0.3594117              1.1309444              0.7434568
0 1 1 0 1.0
      0.1267512              1.0000000              1.0000000
0 3 1 0 1.0
      0.8020000              1.0000000
0 3 1 0 1.0
      0.2005000              1.0000000
0 4 1 0 1.0
      0.5000000              1.0000000
## New atom 6
6 6
0 0 6 2.0 1.0
   3047.5249000              0.0018347
    457.3695100              0.0140373
    103.9486900              0.0688426
     29.2101550              0.2321844
      9.2866630              0.4679413
      3.1639270              0.3623120
0 1 3 4.0 1.0
      7.8682724             -0.1193324              0.0689991
      1.8812885             -0.1608542              0.3164240
      0.5442493              1.1434564              0.7443083
0 1 1 0 1.0
      0.1687144              1.0000000              1.0000000
0 3 1 0 1.0
      1.2520000              1.0000000
0 3 1 0 1.0
      0.3130000              1.0000000
0 4 1 0 1.0
      0.8000000              1.0000000
## New atom 7
7 6
0 0 6 2.0 1.0
   4173.5110000              0.0018348
    627.4579000              0.0139950
    142.9021000              0.0685870
     40.2343300              0.2322410
     12.8202100              0.4690700
      4.3904370              0.3604550
0 1 3 5.0 1.0
     11.6263580             -0.1149610              0.0675800
      2.7162800             -0.1691180              0.3239070
      0.7722180              1.1458520              0.7408950
0 1 1 0 1.0
      0.2120313              1.0000000              1.0000000
0 3 1 0 1.0
      1.8260000              1.0000000
0 3 1 0 1.0
      0.4565000              1.0000000
0 4 1 0 1.0
      1.0000000              1.0000000
## New atom 8
8 6
0 0 6 2.0 1.0
   5484.6717000              0.0018311
    825.2349500              0.0139501
    188.0469600              0.0684451
     52.9645000              0.2327143
     16.8975700              0.4701930
      5.7996353              0.3585209
0 1 3 6.0 1.0
     15.5396160             -0.1107775              0.0708743
      3.5999336             -0.1480263              0.3397528
      1.0137618              1.1307670              0.7271586
0 1 1 0 1.0
      0.2700058              1.0000000              1.0000000
0 3 1 0 1.0
      2.5840000              1.0000000
0 3 1 0 1.0
      0.6460000              1.0000000
0 4 1 0 1.0
      1.4000000              1.0000000
## New atom 9
9 6
0 0 6 2.0 1.0
   7001.7130900              0.0018196169
   1051.3660900              0.0139160796
    239.2856900              0.0684053245
     67.3974453              0.233185760
     21.5199573              0.471267439
      7.40310130             0.356618546
0 1 3 7.0 1.0
     20.8479528             -0.108506975            0.0716287243
      4.80830834            -0.146451658            0.3459121030
      1.34406986             1.128688580            0.7224699570
0 1 1 0 1.0
      0.358151393            1.0000000              1.0000000
0 3 1 0 1.0
      3.5000000              1.0000000
0 3 1 0 1.0
      0.8750000              1.0000000
0 4 1 0 1.0
      1.8500000              1.0000000
## New atom 13
13 7
0 0 6 2.0 1.0
  13983.1000000              0.00194267
   2098.7500000              0.0148599
    477.7050000              0.0728494
    134.3600000              0.2468300
     42.8709000              0.4872580
     14.5189000              0.3234960
0 1 6 8.0 1.0
    239.6680000             -0.00292619             0.00460285
     57.4419000             -0.0374080              0.0331990
     18.2859000             -0.1144870              0.1362820
      6.5991400              0.1156350              0.3304760
      2.4904900              0.6125950              0.4491460
      0.9445400              0.3937990              0.2657040
0 1 3 3.0 1.0
      1.2779000             -0.2276060             -0.0175130
      0.3975900              0.00144583             0.2445330
      0.1600950              1.0927900              0.8049340
0 1 1 0 1.0
      0.0556577              1.0000000              1.0000000
0 3 1 0 1.0
      0.6500000              1.0000000
0 3 1 0 1.0
      0.1625000              1.0000000
0 4 1 0 1.0
      0.2500000              1.0000000
## New atom 14
14 7
0 0 6 2.0 1.0
  16115.9000000              0.00195948
   2425.5800000              0.01492880
    553.8670000              0.07284780
    156.3400000              0.24613000
     50.0683000              0.48591400
     17.0178000              0.32500200
0 1 6 8.0 1.0
    292.7180000             -0.00278094             0.00443826
     69.8731000             -0.03571460             0.03266790
     22.3363000             -0.11498500             0.13472100
      8.1503900              0.09356340             0.32867800
      3.1345800              0.60301700             0.44964000
      1.2254300              0.41895900             0.26137200
0 1 3 4.0 1.0
      1.7273800             -0.24463000            -0.01779510
      0.5729220              0.00431572             0.25353900
      0.2221920              1.09818000             0.80066900
0 1 1 0 1.0
      0.0778369              1.00000000             1.00000000
0 3 1 0 1.0
      0.9000000              1.0000000
0 3 1 0 1.0
      0.2250000              1.0000000
0 4 1 0 1.0
      0.3200000              1.0000000
## New atom 15
15 7
0 0 6 2.0 1.0
  19413.3000000              0.0018516
   2909.4200000              0.0142062
    661.3640000              0.0699995
    185.7590000              0.2400790
     59.1943000              0.4847620
     20.0310000              0.3352000
0 1 6 8.0 1.0
    339.4780000             -0.00278217             0.00456462
     81.0101000             -0.0360499              0.03369360
     25.8780000             -0.1166310              0.13975500
      9.4522100              0.0968328              0.33936200
      3.6656600              0.6144180              0.45092100
      1.4674600              0.4037980              0.23858600
0 1 3 5.0 1.0
      2.1562300             -0.2529230             -0.01776530
      0.7489970              0.0328517              0.27405800
      0.2831450              1.0812500              0.78542100
0 1 1 0 1.0
      0.0998317              1.0000000              1.00000000
0 3 1 0 1.0
      1.1000000              1.0000000
0 3 1 0 1.0
      0.2750000              1.0000000
0 4 1 0 1.0
      0.4500000              1.0000000
## New atom 16
16 7
0 0 6 2.0 1.0
  21917.1000000              0.0018690
   3301.4900000              0.0142300
    754.1460000              0.0696960
    212.7110000              0.2384870
     67.9896000              0.4833070
     23.0515000              0.3380740
0 1 6 8.0 1.0
    423.7350000             -0.0023767              0.0040610
    100.7100000             -0.0316930              0.0306810
     32.1599000             -0.1133170              0.1304520
     11.8079000              0.0560900              0.3272050
      4.6311000              0.5922550              0.4528510
      1.8702500              0.4550060              0.2560420
0 1 3 6.0 1.0
      2.6158400             -0.2503740             -0.0145110
      0.9221670              0.0669570              0.3102630
      0.3412870              1.0545100              0.7544830
0 1 1 0 1.0
      0.1171670              1.0000000              1.0000000
0 3 1 0 1.0
      1.3000000              1.0000000
0 3 1 0 1.0
      0.3250000              1.0000000
0 4 1 0 1.0
      0.5500000              1.0000000
## New atom 17
17 7
0 0 6 2.0 1.0
  25180.1000000              0.0018330
   3780.3500000              0.0140340
    860.4740000              0.0690970
    242.1450000              0.2374520
     77.3349000              0.4830340
     26.2470000              0.3398560
0 1 6 8.0 1.0
    491.7650000             -0.0022974              0.0039894
    116.9840000             -0.0307140              0.0303180
     37.4153000             -0.1125280              0.1298800
     13.7834000              0.0450160              0.3279510
      5.4521500              0.5893530              0.4535270
      2.2258800              0.4652060              0.2521540
0 1 3 7.0 1.0
      3.1864900             -0.2518300             -0.0142990
      1.1442700              0.0615890              0.3235720
      0.4203770              1.0601800              0.7435070
0 1 1 0 1.0
      0.1426570              1.0000000              1.0000000
0 3 1 0 1.0
      1.5000000              1.0000000
0 3 1 0 1.0
      0.3750000              1.0000000
0 4 1 0 1.0
      0.7000000              1.0000000