## New atom 1
1 10
0 0 1 1.0 1.0
      7.977000D-01           1.000000D+00
0 0 1 0 1.0
      2.581000D-01           1.000000D+00
0 0 6 0 1.0
      8.264000D+01           2.006000D-03
      1.241000D+01           1.534300D-02
      2.824000D+00           7.557900D-02
      7.977000D-01           2.568750D-01
      2.581000D-01           4.973680D-01
      8.989000D-02           2.961330D-01
0 0 1 0 1.0
      8.989000D-02           1.000000D+00
0 2 1 0 1.0
      2.292000D+00           1.000000D+00
0 2 1 0 1.0
      8.380000D-01           1.000000D+00
0 2 1 0 1.0
      2.920000D-01           1.000000D+00
0 3 1 0 1.0
      2.062000D+00           1.000000D+00
0 3 1 0 1.0
      6.620000D-01           1.000000D+00
0 4 1 0 1.0
      1.397000D+00           1.0000000
## New atom 5
5 15
0 0 12 2.0 1.0
      2.387000D+04           8.800000D-05
      3.575000D+03           6.870000D-04
      8.128000D+02           3.600000D-03
      2.297000D+02           1.494900D-02
      7.469000D+01           5.143500D-02
      2.681000D+01           1.433020D-01
      1.032000D+01           3.009350D-01
      4.178000D+00           4.035260D-01
      1.727000D+00           2.253400D-01
      4.704000D-01           1.540700D-02
      1.896000D-01          -3.955000D-03
      7.394000D-02           1.124000D-03
0 0 1 2.0 1.0
      4.704000D-01           1.000000D+00
0 0 1 0 1.0
      1.896000D-01           1.000000D+00
0 0 12 0 1.0
      2.387000D+04          -1.800000D-05
      3.575000D+03          -1.390000D-04
      8.128000D+02          -7.250000D-04
      2.297000D+02          -3.063000D-03
      7.469000D+01          -1.058100D-02
      2.681000D+01          -3.136500D-02
      1.032000D+01          -7.101200D-02
      4.178000D+00          -1.321030D-01
      1.727000D+00          -1.230720D-01
      4.704000D-01           2.618190D-01
      1.896000D-01           5.866620D-01
      7.394000D-02           2.904940D-01
0 0 1 0 1.0
      7.394000D-02           1.000000D+00
0 2 1 1.0 1.0
      5.071000D-01           1.000000D+00
0 2 6 0 1.0
      2.226000D+01           5.095000D-03
      5.058000D+00           3.320600D-02
      1.487000D+00           1.323140D-01
      5.071000D-01           3.318180D-01
      1.812000D-01           4.720630D-01
      6.463000D-02           2.579790D-01
0 2 1 0 1.0
      1.812000D-01           1.000000D+00
0 2 1 0 1.0
      6.463000D-02           1.000000D+00
0 3 1 0 1.0
      1.110000D+00           1.000000D+00
0 3 1 0 1.0
      4.020000D-01           1.000000D+00
0 3 1 0 1.0
      1.450000D-01           1.000000D+00
0 4 1 0 1.0
      8.820000D-01           1.000000D+00
0 4 1 0 1.0
      3.110000D-01           1.000000D+00
0 5 1 0 1.0
      6.730000D-01           1.0000000
## New atom 6
6 15
0 0 12 2.0 1.0
      3.398000D+04           9.100000D-05
      5.089000D+03           7.040000D-04
      1.157000D+03           3.693000D-03
      3.266000D+02           1.536000D-02
      1.061000D+02           5.292900D-02
      3.811000D+01           1.470430D-01
      1.475000D+01           3.056310D-01
      6.035000D+00           3.993450D-01
      2.530000D+00           2.170510D-01
      7.355000D-01           1.589400D-02
      2.905000D-01          -3.084000D-03
      1.111000D-01           9.780000D-04
0 0 1 2.0 1.0
      7.355000D-01           1.000000D+00
0 0 1 0 1.0
      2.905000D-01           1.000000D+00
0 0 12 0 1.0
      3.398000D+04          -1.900000D-05
      5.089000D+03          -1.510000D-04
      1.157000D+03          -7.850000D-04
      3.266000D+02          -3.324000D-03
      1.061000D+02          -1.151200D-02
      3.811000D+01          -3.416000D-02
      1.475000D+01          -7.717300D-02
      6.035000D+00          -1.414930D-01
      2.530000D+00          -1.180190D-01
      7.355000D-01           2.738060D-01
      2.905000D-01           5.865100D-01
      1.111000D-01           2.854300D-01
0 0 1 0 1.0
      1.111000D-01           1.000000D+00
0 2 1 2.0 1.0
      8.132000D-01           1.000000D+00
0 2 6 0 1.0
      3.451000D+01           5.378000D-03
      7.915000D+00           3.613200D-02
      2.368000D+00           1.424930D-01
      8.132000D-01           3.421500D-01
      2.890000D-01           4.638640D-01
      1.007000D-01           2.500280D-01
0 2 1 0 1.0
      2.890000D-01           1.000000D+00
0 2 1 0 1.0
      1.007000D-01           1.000000D+00
0 3 1 0 1.0
      1.848000D+00           1.000000D+00
0 3 1 0 1.0
      6.490000D-01           1.000000D+00
0 3 1 0 1.0
      2.280000D-01           1.000000D+00
0 4 1 0 1.0
      1.419000D+00           1.000000D+00
0 4 1 0 1.0
      4.850000D-01           1.000000D+00
0 5 1 0 1.0
      1.011000D+00           1.0000000
## New atom 7
7 15
0 0 12 2.0 1.0
      4.584000D+04           9.200000D-05
      6.868000D+03           7.170000D-04
      1.563000D+03           3.749000D-03
      4.424000D+02           1.553200D-02
      1.443000D+02           5.314600D-02
      5.218000D+01           1.467870D-01
      2.034000D+01           3.046630D-01
      8.381000D+00           3.976840D-01
      3.529000D+00           2.176410D-01
      1.054000D+00           1.696300D-02
      4.118000D-01          -2.745000D-03
      1.552000D-01           9.530000D-04
0 0 1 2.0 1.0
      1.054000D+00           1.000000D+00
0 0 1 0 1.0
      4.118000D-01           1.000000D+00
0 0 12 0 1.0
      4.584000D+04          -2.000000D-05
      6.868000D+03          -1.590000D-04
      1.563000D+03          -8.240000D-04
      4.424000D+02          -3.478000D-03
      1.443000D+02          -1.196600D-02
      5.218000D+01          -3.538800D-02
      2.034000D+01          -8.007700D-02
      8.381000D+00          -1.467220D-01
      3.529000D+00          -1.163600D-01
      1.054000D+00           2.799190D-01
      4.118000D-01           5.854810D-01
      1.552000D-01           2.840280D-01
0 0 1 0 1.0
      1.552000D-01           1.000000D+00
0 2 1 3.0 1.0
      1.182000D+00           1.000000D+00
0 2 6 0 1.0
      4.933000D+01           5.533000D-03
      1.137000D+01           3.796200D-02
      3.435000D+00           1.490280D-01
      1.182000D+00           3.489220D-01
      4.173000D-01           4.589720D-01
      1.428000D-01           2.449230D-01
0 2 1 0 1.0
      4.173000D-01           1.000000D+00
0 2 1 0 1.0
      1.428000D-01           1.000000D+00
0 3 1 0 1.0
      2.837000D+00           1.000000D+00
0 3 1 0 1.0
      9.680000D-01           1.000000D+00
0 3 1 0 1.0
      3.350000D-01           1.000000D+00
0 4 1 0 1.0
      2.027000D+00           1.000000D+00
0 4 1 0 1.0
      6.850000D-01           1.000000D+00
0 5 1 0 1.0
      1.427000D+00           1.0000000
## New atom 8
8 15
0 0 12 2.0 1.0
      6.142000D+04           9.000000D-05
      9.199000D+03           6.980000D-04
      2.091000D+03           3.664000D-03
      5.909000D+02           1.521800D-02
      1.923000D+02           5.242300D-02
      6.932000D+01           1.459210D-01
      2.697000D+01           3.052580D-01
      1.110000D+01           3.985080D-01
      4.682000D+00           2.169800D-01
      1.428000D+00           1.759400D-02
      5.547000D-01          -2.502000D-03
      2.067000D-01           9.540000D-04
0 0 1 2.0 1.0
      1.428000D+00           1.000000D+00
0 0 1 0 1.0
      5.547000D-01           1.000000D+00
0 0 12 0 1.0
      6.142000D+04          -2.000000D-05
      9.199000D+03          -1.590000D-04
      2.091000D+03          -8.290000D-04
      5.909000D+02          -3.508000D-03
      1.923000D+02          -1.215600D-02
      6.932000D+01          -3.626100D-02
      2.697000D+01          -8.299200D-02
      1.110000D+01          -1.520900D-01
      4.682000D+00          -1.153310D-01
      1.428000D+00           2.889790D-01
      5.547000D-01           5.861280D-01
      2.067000D-01           2.776240D-01
0 0 1 0 1.0
      2.067000D-01           1.000000D+00
0 2 1 4.0 1.0
      1.531000D+00           1.000000D+00
0 2 6 0 1.0
      6.342000D+01           6.044000D-03
      1.466000D+01           4.179900D-02
      4.459000D+00           1.611430D-01
      1.531000D+00           3.567310D-01
      5.302000D-01           4.483090D-01
      1.750000D-01           2.449400D-01
0 2 1 0 1.0
      5.302000D-01           1.000000D+00
0 2 1 0 1.0
      1.750000D-01           1.000000D+00
0 3 1 0 1.0
      3.775000D+00           1.000000D+00
0 3 1 0 1.0
      1.300000D+00           1.000000D+00
0 3 1 0 1.0
      4.440000D-01           1.000000D+00
0 4 1 0 1.0
      2.666000D+00           1.000000D+00
0 4 1 0 1.0
      8.590000D-01           1.000000D+00
0 5 1 0 1.0
      1.846000D+00           1.0000000
## New atom 9
9 15
0 0 12 2.0 1.0
      7.453000D+04           9.500000D-05
      1.117000D+04           7.380000D-04
      2.543000D+03           3.858000D-03
      7.210000D+02           1.592600D-02
      2.359000D+02           5.428900D-02
      8.560000D+01           1.495130D-01
      3.355000D+01           3.082520D-01
      1.393000D+01           3.948530D-01
      5.915000D+00           2.110310D-01
      1.843000D+00           1.715100D-02
      7.124000D-01          -2.015000D-03
      2.637000D-01           8.690000D-04
0 0 1 2.0 1.0
      1.843000D+00           1.000000D+00
0 0 1 0 1.0
      7.124000D-01           1.000000D+00
0 0 12 0 1.0
      7.453000D+04          -2.200000D-05
      1.117000D+04          -1.720000D-04
      2.543000D+03          -8.910000D-04
      7.210000D+02          -3.748000D-03
      2.359000D+02          -1.286200D-02
      8.560000D+01          -3.806100D-02
      3.355000D+01          -8.623900D-02
      1.393000D+01          -1.558650D-01
      5.915000D+00          -1.109140D-01
      1.843000D+00           2.987610D-01
      7.124000D-01           5.850130D-01
      2.637000D-01           2.711590D-01
0 0 1 0 1.0
      2.637000D-01           1.000000D+00
0 2 1 5.0 1.0
      1.953000D+00           1.000000D+00
0 2 6 0 1.0
      8.039000D+01           6.347000D-03
      1.863000D+01           4.420400D-02
      5.694000D+00           1.685140D-01
      1.953000D+00           3.615630D-01
      6.702000D-01           4.421780D-01
      2.166000D-01           2.434350D-01
0 2 1 0 1.0
      6.702000D-01           1.000000D+00
0 2 1 0 1.0
      2.166000D-01           1.000000D+00
0 3 1 0 1.0
      5.014000D+00           1.000000D+00
0 3 1 0 1.0
      1.725000D+00           1.000000D+00
0 3 1 0 1.0
      5.860000D-01           1.000000D+00
0 4 1 0 1.0
      3.562000D+00           1.000000D+00
0 4 1 0 1.0
      1.148000D+00           1.000000D+00
0 5 1 0 1.0
      2.376000D+00           1.0000000
## New atom 13
13 17
0 0 16 2.0 1.0
      4.196000D+05           2.782190D-05
      6.283000D+04           2.163300D-04
      1.429000D+04           1.137540D-03
      4.038000D+03           4.796350D-03
      1.312000D+03           1.723890D-02
      4.705000D+02           5.380660D-02
      1.818000D+02           1.413260D-01
      7.446000D+01           2.892680D-01
      3.190000D+01           3.848250D-01
      1.396000D+01           2.328520D-01
      5.180000D+00           2.933300D-02
      2.265000D+00          -3.005740D-03
      9.664000D-01           1.666730D-03
      2.447000D-01          -6.060170D-04
      1.184000D-01           4.313550D-04
      5.021000D-02          -1.229190D-04
0 0 16 2.0 1.0
      4.196000D+05          -7.237540D-06
      6.283000D+04          -5.617330D-05
      1.429000D+04          -2.965280D-04
      4.038000D+03          -1.249130D-03
      1.312000D+03          -4.551010D-03
      4.705000D+02          -1.443930D-02
      1.818000D+02          -4.034640D-02
      7.446000D+01          -9.226180D-02
      3.190000D+01          -1.645100D-01
      1.396000D+01          -1.412960D-01
      5.180000D+00           1.953650D-01
      2.265000D+00           5.724750D-01
      9.664000D-01           3.740410D-01
      2.447000D-01           2.341190D-02
      1.184000D-01          -9.051970D-03
      5.021000D-02           2.111740D-03
0 0 1 2.0 1.0
      2.447000D-01           1.000000D+00
0 0 1 0 1.0
      1.184000D-01           1.000000D+00
0 0 16 0 1.0
      4.196000D+05           1.671500D-06
      6.283000D+04           1.296410D-05
      1.429000D+04           6.851010D-05
      4.038000D+03           2.882740D-04
      1.312000D+03           1.052760D-03
      4.705000D+02           3.338780D-03
      1.818000D+02           9.392170D-03
      7.446000D+01           2.160470D-02
      3.190000D+01           3.958730D-02
      1.396000D+01           3.491800D-02
      5.180000D+00          -5.284150D-02
      2.265000D+00          -1.918780D-01
      9.664000D-01          -2.541150D-01
      2.447000D-01           2.750700D-01
      1.184000D-01           6.047430D-01
      5.021000D-02           2.876290D-01
0 0 1 0 1.0
      5.021000D-02           1.000000D+00
0 2 11 6.0 1.0
      8.913000D+02           4.917550D-04
      2.113000D+02           4.158430D-03
      6.828000D+01           2.125380D-02
      2.570000D+01           7.640580D-02
      1.063000D+01           1.942770D-01
      4.602000D+00           3.344280D-01
      2.015000D+00           3.750260D-01
      8.706000D-01           2.040410D-01
      2.972000D-01           2.137380D-02
      1.100000D-01          -2.021440D-03
      3.989000D-02           8.172510D-04
0 2 1 1.0 1.0
      2.972000D-01           1.000000D+00
0 2 1 0 1.0
      1.100000D-01           1.000000D+00
0 2 11 0 1.0
      8.913000D+02          -8.886950D-05
      2.113000D+02          -7.458230D-04
      6.828000D+01          -3.870250D-03
      2.570000D+01          -1.393500D-02
      1.063000D+01          -3.668600D-02
      4.602000D+00          -6.277970D-02
      2.015000D+00          -7.896020D-02
      8.706000D-01          -2.885890D-02
      2.972000D-01           2.382560D-01
      1.100000D-01           5.513630D-01
      3.989000D-02           3.543850D-01
0 2 1 0 1.0
      3.989000D-02           1.000000D+00
0 3 1 0 1.0
      4.940000D-01           1.000000D+00
0 3 1 0 1.0
      1.990000D-01           1.000000D+00
0 3 1 0 1.0
      8.040000D-02           1.000000D+00
0 4 1 0 1.0
      4.010000D-01           1.000000D+00
0 4 1 0 1.0
      1.540000D-01           1.000000D+00
0 5 1 0 1.0
      3.570000D-01           1.0000000
## New atom 14
14 17
0 0 16 2.0 1.0
      5.130000D+05           2.609200D-05
      7.682000D+04           2.029050D-04
      1.747000D+04           1.067150D-03
      4.935000D+03           4.505970D-03
      1.602000D+03           1.623590D-02
      5.741000D+02           5.089130D-02
      2.215000D+02           1.351550D-01
      9.054000D+01           2.812920D-01
      3.874000D+01           3.853360D-01
      1.695000D+01           2.456510D-01
      6.452000D+00           3.431450D-02
      2.874000D+00          -3.348840D-03
      1.250000D+00           1.876250D-03
      3.599000D-01          -6.933270D-04
      1.699000D-01           4.383080D-04
      7.066000D-02          -1.226160D-04
0 0 16 2.0 1.0
      5.130000D+05          -6.948800D-06
      7.682000D+04          -5.396410D-05
      1.747000D+04          -2.847160D-04
      4.935000D+03          -1.202030D-03
      1.602000D+03          -4.383970D-03
      5.741000D+02          -1.397760D-02
      2.215000D+02          -3.935160D-02
      9.054000D+01          -9.142830D-02
      3.874000D+01          -1.656090D-01
      1.695000D+01          -1.525050D-01
      6.452000D+00           1.685240D-01
      2.874000D+00           5.692840D-01
      1.250000D+00           3.980560D-01
      3.599000D-01           2.915090D-02
      1.699000D-01          -8.489760D-03
      7.066000D-02           1.996030D-03
0 0 1 2.0 1.0
      3.599000D-01           1.000000D+00
0 0 1 0 1.0
      1.699000D-01           1.000000D+00
0 0 16 0 1.0
      5.130000D+05           1.780680D-06
      7.682000D+04           1.381480D-05
      1.747000D+04           7.300050D-05
      4.935000D+03           3.076660D-04
      1.602000D+03           1.125630D-03
      5.741000D+02           3.584350D-03
      2.215000D+02           1.017280D-02
      9.054000D+01           2.375200D-02
      3.874000D+01           4.434830D-02
      1.695000D+01           4.190410D-02
      6.452000D+00          -5.025040D-02
      2.874000D+00          -2.165780D-01
      1.250000D+00          -2.864480D-01
      3.599000D-01           2.632560D-01
      1.699000D-01           6.349000D-01
      7.066000D-02           2.908320D-01
0 0 1 0 1.0
      7.066000D-02           1.000000D+00
0 2 11 6.0 1.0
      1.122000D+03           4.481430D-04
      2.660000D+02           3.816390D-03
      8.592000D+01           1.981050D-02
      3.233000D+01           7.270170D-02
      1.337000D+01           1.898390D-01
      5.800000D+00           3.356720D-01
      2.559000D+00           3.793650D-01
      1.124000D+00           2.011930D-01
      3.988000D-01           2.085150D-02
      1.533000D-01          -1.702580D-03
      5.728000D-02           7.500480D-04
0 2 1 2.0 1.0
      3.988000D-01           1.000000D+00
0 2 1 0 1.0
      1.533000D-01           1.000000D+00
0 2 11 0 1.0
      1.122000D+03          -9.648830D-05
      2.660000D+02          -8.119710D-04
      8.592000D+01          -4.300870D-03
      3.233000D+01          -1.575020D-02
      1.337000D+01          -4.295410D-02
      5.800000D+00          -7.525740D-02
      2.559000D+00          -9.714460D-02
      1.124000D+00          -2.275070D-02
      3.988000D-01           2.919880D-01
      1.533000D-01           5.506700D-01
      5.728000D-02           2.976180D-01
0 2 1 0 1.0
      5.728000D-02           1.000000D+00
0 3 1 0 1.0
      7.600000D-01           1.000000D+00
0 3 1 0 1.0
      3.020000D-01           1.000000D+00
0 3 1 0 1.0
      1.200000D-01           1.000000D+00
0 4 1 0 1.0
      5.410000D-01           1.000000D+00
0 4 1 0 1.0
      2.120000D-01           1.000000D+00
0 5 1 0 1.0
      4.610000D-01           1.0000000
## New atom 15
15 17
0 0 16 2.0 1.0
      6.152000D+05           2.474500D-05
      9.212000D+04           1.924650D-04
      2.095000D+04           1.012020D-03
      5.920000D+03           4.272610D-03
      1.922000D+03           1.541610D-02
      6.880000D+02           4.859760D-02
      2.650000D+02           1.300600D-01
      1.082000D+02           2.745140D-01
      4.622000D+01           3.854020D-01
      2.023000D+01           2.559340D-01
      7.859000D+00           3.912370D-02
      3.547000D+00          -3.680100D-03
      1.564000D+00           2.082110D-03
      4.888000D-01          -7.884790D-04
      2.266000D-01           4.540540D-04
      9.331000D-02          -1.266400D-04
0 0 16 2.0 1.0
      6.152000D+05          -6.722050D-06
      9.212000D+04          -5.223110D-05
      2.095000D+04          -2.753610D-04
      5.920000D+03          -1.163070D-03
      1.922000D+03          -4.242810D-03
      6.880000D+02          -1.361140D-02
      2.650000D+02          -3.851140D-02
      1.082000D+02          -9.066430D-02
      4.622000D+01          -1.665840D-01
      2.023000D+01          -1.614470D-01
      7.859000D+00           1.467810D-01
      3.547000D+00           5.666820D-01
      1.564000D+00           4.164330D-01
      4.888000D-01           3.438440D-02
      2.266000D-01          -7.806380D-03
      9.331000D-02           1.922590D-03
0 0 1 2.0 1.0
      4.888000D-01           1.000000D+00
0 0 1 0 1.0
      2.266000D-01           1.000000D+00
0 0 16 0 1.0
      6.152000D+05           1.847400D-06
      9.212000D+04           1.433800D-05
      2.095000D+04           7.572280D-05
      5.920000D+03           3.192050D-04
      1.922000D+03           1.168510D-03
      6.880000D+02           3.742670D-03
      2.650000D+02           1.068170D-02
      1.082000D+02           2.526570D-02
      4.622000D+01           4.792830D-02
      2.023000D+01           4.770960D-02
      7.859000D+00          -4.665250D-02
      3.547000D+00          -2.349680D-01
      1.564000D+00          -3.113370D-01
      4.888000D-01           2.571090D-01
      2.266000D-01           6.536550D-01
      9.331000D-02           2.942120D-01
0 0 1 0 1.0
      9.331000D-02           1.000000D+00
0 2 11 6.0 1.0
      1.367000D+03           4.210150D-04
      3.240000D+02           3.609850D-03
      1.046000D+02           1.892170D-02
      3.937000D+01           7.055600D-02
      1.626000D+01           1.881570D-01
      7.056000D+00           3.387090D-01
      3.130000D+00           3.819430D-01
      1.394000D+00           1.952610D-01
      5.179000D-01           1.994160D-02
      2.032000D-01          -1.351210D-03
      7.698000D-02           5.171440D-04
0 2 1 3.0 1.0
      5.179000D-01           1.000000D+00
0 2 1 0 1.0
      2.032000D-01           1.000000D+00
0 2 11 0 1.0
      1.367000D+03          -1.008270D-04
      3.240000D+02          -8.544990D-04
      1.046000D+02          -4.571160D-03
      3.937000D+01          -1.703270D-02
      1.626000D+01          -4.752040D-02
      7.056000D+00          -8.527860D-02
      3.130000D+00          -1.096760D-01
      1.394000D+00          -1.611810D-02
      5.179000D-01           3.228930D-01
      2.032000D-01           5.457380D-01
      7.698000D-02           2.685380D-01
0 2 1 0 1.0
      7.698000D-02           1.000000D+00
0 3 1 0 1.0
      1.036000D+00           1.000000D+00
0 3 1 0 1.0
      4.130000D-01           1.000000D+00
0 3 1 0 1.0
      1.650000D-01           1.000000D+00
0 4 1 0 1.0
      7.030000D-01           1.000000D+00
0 4 1 0 1.0
      2.800000D-01           1.000000D+00
0 5 1 0 1.0
      5.970000D-01           1.0000000
## New atom 16
16 17
0 0 16 2.0 1.0
      7.278000D+05           2.360250D-05
      1.090000D+05           1.834820D-04
      2.480000D+04           9.642780D-04
      7.014000D+03           4.065370D-03
      2.278000D+03           1.469730D-02
      8.147000D+02           4.650810D-02
      3.134000D+02           1.255080D-01
      1.277000D+02           2.684330D-01
      5.448000D+01           3.848090D-01
      2.385000D+01           2.653720D-01
      9.428000D+00           4.373260D-02
      4.290000D+00          -3.788070D-03
      1.909000D+00           2.180830D-03
      6.270000D-01          -8.369440D-04
      2.873000D-01           4.480880D-04
      1.172000D-01          -1.252930D-04
0 0 16 2.0 1.0
      7.278000D+05          -6.521790D-06
      1.090000D+05          -5.066310D-05
      2.480000D+04          -2.668330D-04
      7.014000D+03          -1.126010D-03
      2.278000D+03          -4.111860D-03
      8.147000D+02          -1.324540D-02
      3.134000D+02          -3.770040D-02
      1.277000D+02          -8.985540D-02
      5.448000D+01          -1.670980D-01
      2.385000D+01          -1.693540D-01
      9.428000D+00           1.278240D-01
      4.290000D+00           5.648620D-01
      1.909000D+00           4.317670D-01
      6.270000D-01           3.893980D-02
      2.873000D-01          -7.302600D-03
      1.172000D-01           1.923270D-03
0 0 1 2.0 1.0
      6.270000D-01           1.000000D+00
0 0 1 0 1.0
      2.873000D-01           1.000000D+00
0 0 16 0 1.0
      7.278000D+05           1.894060D-06
      1.090000D+05           1.469480D-05
      2.480000D+04           7.754600D-05
      7.014000D+03           3.265090D-04
      2.278000D+03           1.196860D-03
      8.147000D+02           3.847990D-03
      3.134000D+02           1.105390D-02
      1.277000D+02           2.646450D-02
      5.448000D+01           5.087710D-02
      2.385000D+01           5.300300D-02
      9.428000D+00          -4.255180D-02
      4.290000D+00          -2.508530D-01
      1.909000D+00          -3.331520D-01
      6.270000D-01           2.637960D-01
      2.873000D-01           6.668490D-01
      1.172000D-01           2.884510D-01
0 0 1 0 1.0
      1.172000D-01           1.000000D+00
0 2 11 6.0 1.0
      1.546000D+03           4.411830D-04
      3.664000D+02           3.775710D-03
      1.184000D+02           1.983600D-02
      4.453000D+01           7.420630D-02
      1.838000D+01           1.973270D-01
      7.965000D+00           3.518510D-01
      3.541000D+00           3.786870D-01
      1.591000D+00           1.709310D-01
      6.205000D-01           1.515870D-02
      2.420000D-01           6.719810D-05
      9.014000D-02           4.054910D-04
0 2 1 4.0 1.0
      6.205000D-01           1.000000D+00
0 2 11 0 1.0
      1.546000D+03          -1.131100D-04
      3.664000D+02          -9.585810D-04
      1.184000D+02          -5.134710D-03
      4.453000D+01          -1.926410D-02
      1.838000D+01          -5.359800D-02
      7.965000D+00          -9.603330D-02
      3.541000D+00          -1.181830D-01
      1.591000D+00           9.231940D-03
      6.205000D-01           3.588410D-01
      2.420000D-01           5.258180D-01
      9.014000D-02           2.488720D-01
0 2 1 0 1.0
      2.420000D-01           1.000000D+00
0 2 1 0 1.0
      9.014000D-02           1.000000D+00
0 3 1 0 1.0
      1.250000D+00           1.000000D+00
0 3 1 0 1.0
      5.040000D-01           1.000000D+00
0 3 1 0 1.0
      2.030000D-01           1.000000D+00
0 4 1 0 1.0
      8.690000D-01           1.000000D+00
0 4 1 0 1.0
      3.350000D-01           1.000000D+00
0 5 1 0 1.0
      6.830000D-01           1.0000000
## New atom 17
17 17
0 0 16 2.0 1.0
      8.349000D+05           2.316880D-05
      1.250000D+05           1.801540D-04
      2.843000D+04           9.477820D-04
      8.033000D+03           4.001390D-03
      2.608000D+03           1.446290D-02
      9.339000D+02           4.565860D-02
      3.600000D+02           1.232480D-01
      1.470000D+02           2.643690D-01
      6.288000D+01           3.829890D-01
      2.760000D+01           2.709340D-01
      1.108000D+01           4.714040D-02
      5.075000D+00          -3.717660D-03
      2.278000D+00           2.191580D-03
      7.775000D-01          -8.498500D-04
      3.527000D-01           4.246640D-04
      1.431000D-01          -1.200180D-04
0 0 16 2.0 1.0
      8.349000D+05          -6.496490D-06
      1.250000D+05          -5.048950D-05
      2.843000D+04          -2.661130D-04
      8.033000D+03          -1.124990D-03
      2.608000D+03          -4.104970D-03
      9.339000D+02          -1.319870D-02
      3.600000D+02          -3.753420D-02
      1.470000D+02          -8.972330D-02
      6.288000D+01          -1.676710D-01
      2.760000D+01          -1.747630D-01
      1.108000D+01           1.149090D-01
      5.075000D+00           5.636180D-01
      2.278000D+00           4.416060D-01
      7.775000D-01           4.266970D-02
      3.527000D-01          -6.672290D-03
      1.431000D-01           1.907290D-03
0 0 1 2.0 1.0
      7.775000D-01           1.000000D+00
0 0 1 0 1.0
      3.527000D-01           1.000000D+00
0 0 16 0 1.0
      8.349000D+05           1.966450D-06
      1.250000D+05           1.526200D-05
      2.843000D+04           8.060860D-05
      8.033000D+03           3.399600D-04
      2.608000D+03           1.245510D-03
      9.339000D+02           3.996120D-03
      3.600000D+02           1.147510D-02
      1.470000D+02           2.755040D-02
      6.288000D+01           5.329170D-02
      2.760000D+01           5.712460D-02
      1.108000D+01          -3.952010D-02
      5.075000D+00          -2.643430D-01
      2.278000D+00          -3.492910D-01
      7.775000D-01           2.696710D-01
      3.527000D-01           6.760730D-01
      1.431000D-01           2.846790D-01
0 0 1 0 1.0
      1.431000D-01           1.000000D+00
0 2 11 6.0 1.0
      1.703000D+03           4.740390D-04
      4.036000D+02           4.064120D-03
      1.303000D+02           2.133550D-02
      4.905000D+01           7.946110D-02
      2.026000D+01           2.089270D-01
      8.787000D+00           3.649450D-01
      3.919000D+00           3.717250D-01
      1.765000D+00           1.462920D-01
      7.207000D-01           1.079060D-02
      2.839000D-01           1.170040D-03
      1.060000D-01           3.394080D-04
0 2 1 5.0 1.0
      7.207000D-01           1.000000D+00
0 2 11 0 1.0
      1.703000D+03          -1.282660D-04
      4.036000D+02          -1.093560D-03
      1.303000D+02          -5.834290D-03
      4.905000D+01          -2.192580D-02
      2.026000D+01          -6.013850D-02
      8.787000D+00          -1.069290D-01
      3.919000D+00          -1.224540D-01
      1.765000D+00           3.836190D-02
      7.207000D-01           3.852560D-01
      2.839000D-01           5.072650D-01
      1.060000D-01           2.272180D-01
0 2 1 0 1.0
      2.839000D-01           1.000000D+00
0 2 1 0 1.0
      1.060000D-01           1.000000D+00
0 3 1 0 1.0
      1.551000D+00           1.000000D+00
0 3 1 0 1.0
      6.280000D-01           1.000000D+00
0 3 1 0 1.0
      2.540000D-01           1.000000D+00
0 4 1 0 1.0
      1.089000D+00           1.000000D+00
0 4 1 0 1.0
      4.230000D-01           1.000000D+00
0 5 1 0 1.0
      8.270000D-01           1.0000000