## New atom 1
1 3
0 0 4 1.0 1.0
      1.301000D+01           1.968500D-02
      1.962000D+00           1.379770D-01
      4.446000D-01           4.781480D-01
      1.220000D-01           5.012400D-01
0 0 1 0 1.0
      1.220000D-01           1.000000D+00
0 2 1 0 1.0
      7.270000D-01           1.0000000
## New atom 5
5 6
0 0 9 2.0 1.0
      4.570000D+03           6.960000D-04
      6.859000D+02           5.353000D-03
      1.565000D+02           2.713400D-02
      4.447000D+01           1.013800D-01
      1.448000D+01           2.720550D-01
      5.131000D+00           4.484030D-01
      1.898000D+00           2.901230D-01
      3.329000D-01           1.432200D-02
      1.043000D-01          -3.486000D-03
0 0 9 2.0 1.0
      4.570000D+03          -1.390000D-04
      6.859000D+02          -1.097000D-03
      1.565000D+02          -5.444000D-03
      4.447000D+01          -2.191600D-02
      1.448000D+01          -5.975100D-02
      5.131000D+00          -1.387320D-01
      1.898000D+00          -1.314820D-01
      3.329000D-01           5.395260D-01
      1.043000D-01           5.807740D-01
0 0 1 0 1.0
      1.043000D-01           1.000000D+00
0 2 4 1.0 1.0
      6.001000D+00           3.548100D-02
      1.241000D+00           1.980720D-01
      3.364000D-01           5.052300D-01
      9.538000D-02           4.794990D-01
0 2 1 0 1.0
      9.538000D-02           1.000000D+00
0 3 1 0 1.0
      3.430000D-01           1.0000000
## New atom 6
6 6
0 0 9 2.0 1.0
      6.665000D+03           6.920000D-04
      1.000000D+03           5.329000D-03
      2.280000D+02           2.707700D-02
      6.471000D+01           1.017180D-01
      2.106000D+01           2.747400D-01
      7.495000D+00           4.485640D-01
      2.797000D+00           2.850740D-01
      5.215000D-01           1.520400D-02
      1.596000D-01          -3.191000D-03
0 0 9 2.0 1.0
      6.665000D+03          -1.460000D-04
      1.000000D+03          -1.154000D-03
      2.280000D+02          -5.725000D-03
      6.471000D+01          -2.331200D-02
      2.106000D+01          -6.395500D-02
      7.495000D+00          -1.499810D-01
      2.797000D+00          -1.272620D-01
      5.215000D-01           5.445290D-01
      1.596000D-01           5.804960D-01
0 0 1 0 1.0
      1.596000D-01           1.000000D+00
0 2 4 2.0 1.0
      9.439000D+00           3.810900D-02
      2.002000D+00           2.094800D-01
      5.456000D-01           5.085570D-01
      1.517000D-01           4.688420D-01
0 2 1 0 1.0
      1.517000D-01           1.000000D+00
0 3 1 0 1.0
      5.500000D-01           1.0000000
## New atom 7
7 6
0 0 9 2.0 1.0
      9.046000D+03           7.000000D-04
      1.357000D+03           5.389000D-03
      3.093000D+02           2.740600D-02
      8.773000D+01           1.032070D-01
      2.856000D+01           2.787230D-01
      1.021000D+01           4.485400D-01
      3.838000D+00           2.782380D-01
      7.466000D-01           1.544000D-02
      2.248000D-01          -2.864000D-03
0 0 9 2.0 1.0
      9.046000D+03          -1.530000D-04
      1.357000D+03          -1.208000D-03
      3.093000D+02          -5.992000D-03
      8.773000D+01          -2.454400D-02
      2.856000D+01          -6.745900D-02
      1.021000D+01          -1.580780D-01
      3.838000D+00          -1.218310D-01
      7.466000D-01           5.490030D-01
      2.248000D-01           5.788150D-01
0 0 1 0 1.0
      2.248000D-01           1.000000D+00
0 2 4 3.0 1.0
      1.355000D+01           3.991900D-02
      2.917000D+00           2.171690D-01
      7.973000D-01           5.103190D-01
      2.185000D-01           4.622140D-01
0 2 1 0 1.0
      2.185000D-01           1.000000D+00
0 3 1 0 1.0
      8.170000D-01           1.0000000
## New atom 8
8 6
0 0 9 2.0 1.0
      1.172000D+04           7.100000D-04
      1.759000D+03           5.470000D-03
      4.008000D+02           2.783700D-02
      1.137000D+02           1.048000D-01
      3.703000D+01           2.830620D-01
      1.327000D+01           4.487190D-01
      5.025000D+00           2.709520D-01
      1.013000D+00           1.545800D-02
      3.023000D-01          -2.585000D-03
0 0 9 2.0 1.0
      1.172000D+04          -1.600000D-04
      1.759000D+03          -1.263000D-03
      4.008000D+02          -6.267000D-03
      1.137000D+02          -2.571600D-02
      3.703000D+01          -7.092400D-02
      1.327000D+01          -1.654110D-01
      5.025000D+00          -1.169550D-01
      1.013000D+00           5.573680D-01
      3.023000D-01           5.727590D-01
0 0 1 0 1.0
      3.023000D-01           1.000000D+00
0 2 4 4.0 1.0
      1.770000D+01           4.301800D-02
      3.854000D+00           2.289130D-01
      1.046000D+00           5.087280D-01
      2.753000D-01           4.605310D-01
0 2 1 0 1.0
      2.753000D-01           1.000000D+00
0 3 1 0 1.0
      1.185000D+00           1.0000000
## New atom 9
9 6
0 0 9 2.0 1.0
      1.471000D+04           7.210000D-04
      2.207000D+03           5.553000D-03
      5.028000D+02           2.826700D-02
      1.426000D+02           1.064440D-01
      4.647000D+01           2.868140D-01
      1.670000D+01           4.486410D-01
      6.356000D+00           2.647610D-01
      1.316000D+00           1.533300D-02
      3.897000D-01          -2.332000D-03
0 0 9 2.0 1.0
      1.471000D+04          -1.650000D-04
      2.207000D+03          -1.308000D-03
      5.028000D+02          -6.495000D-03
      1.426000D+02          -2.669100D-02
      4.647000D+01          -7.369000D-02
      1.670000D+01          -1.707760D-01
      6.356000D+00          -1.123270D-01
      1.316000D+00           5.628140D-01
      3.897000D-01           5.687780D-01
0 0 1 0 1.0
      3.897000D-01           1.000000D+00
0 2 4 5.0 1.0
      2.267000D+01           4.487800D-02
      4.977000D+00           2.357180D-01
      1.347000D+00           5.085210D-01
      3.471000D-01           4.581200D-01
0 2 1 0 1.0
      3.471000D-01           1.000000D+00
0 3 1 0 1.0
      1.640000D+00           1.0000000
## New atom 13
13 8
0 0 12 2.0 1.0
      6.415000D+04           2.902500D-04
      9.617000D+03           2.250640D-03
      2.189000D+03           1.164590D-02
      6.205000D+02           4.673770D-02
      2.027000D+02           1.462990D-01
      7.315000D+01           3.302830D-01
      2.855000D+01           4.158610D-01
      1.177000D+01           1.892530D-01
      3.300000D+00           1.158890D-02
      1.173000D+00          -1.283850D-03
      1.752000D-01           4.258830D-04
      6.473000D-02          -1.992800D-04
0 0 12 2.0 1.0
      6.415000D+04          -7.580480D-05
      9.617000D+03          -5.817910D-04
      2.189000D+03          -3.081130D-03
      6.205000D+02          -1.231120D-02
      2.027000D+02          -4.197810D-02
      7.315000D+01          -1.033710D-01
      2.855000D+01          -1.963080D-01
      1.177000D+01          -8.300020D-02
      3.300000D+00           5.410400D-01
      1.173000D+00           5.787960D-01
      1.752000D-01           2.881470D-02
      6.473000D-02          -9.537950D-03
0 0 12 2.0 1.0
      6.415000D+04           1.750780D-05
      9.617000D+03           1.342080D-04
      2.189000D+03           7.124420D-04
      6.205000D+02           2.843300D-03
      2.027000D+02           9.768420D-03
      7.315000D+01           2.418500D-02
      2.855000D+01           4.749930D-02
      1.177000D+01           2.036210D-02
      3.300000D+00          -1.587880D-01
      1.173000D+00          -3.116940D-01
      1.752000D-01           6.201470D-01
      6.473000D-02           5.209430D-01
0 0 1 0 1.0
      6.473000D-02           1.000000D+00
0 2 8 6.0 1.0
      2.588000D+02           4.068470D-03
      6.089000D+01           3.068150D-02
      1.914000D+01           1.291490D-01
      6.881000D+00           3.208310D-01
      2.574000D+00           4.538150D-01
      9.572000D-01           2.750660D-01
      2.099000D-01           1.908070D-02
      5.986000D-02          -3.128480D-03
0 2 8 1.0 1.0
      2.588000D+02          -7.480530D-04
      6.089000D+01          -5.457960D-03
      1.914000D+01          -2.453710D-02
      6.881000D+00          -5.821380D-02
      2.574000D+00          -9.837560D-02
      9.572000D-01          -2.600640D-02
      2.099000D-01           4.640200D-01
      5.986000D-02           6.488700D-01
0 2 1 0 1.0
      5.986000D-02           1.000000D+00
0 3 1 0 1.0
      1.890000D-01           1.0000000
## New atom 14
14 8
0 0 12 2.0 1.0
      7.886000D+04           2.704430D-04
      1.182000D+04           2.097170D-03
      2.692000D+03           1.085060D-02
      7.634000D+02           4.367540D-02
      2.496000D+02           1.376530D-01
      9.028000D+01           3.166440D-01
      3.529000D+01           4.185810D-01
      1.451000D+01           2.102120D-01
      4.053000D+00           1.449520D-02
      1.482000D+00          -2.035900D-03
      2.517000D-01           6.241860D-04
      9.243000D-02          -2.828720D-04
0 0 12 2.0 1.0
      7.886000D+04          -7.231770D-05
      1.182000D+04          -5.551160D-04
      2.692000D+03          -2.938050D-03
      7.634000D+02          -1.176870D-02
      2.496000D+02          -4.029070D-02
      9.028000D+01          -1.006090D-01
      3.529000D+01          -1.965280D-01
      1.451000D+01          -1.023820D-01
      4.053000D+00           5.271900D-01
      1.482000D+00           5.932510D-01
      2.517000D-01           3.326520D-02
      9.243000D-02          -9.736620D-03
0 0 12 2.0 1.0
      7.886000D+04           1.851130D-05
      1.182000D+04           1.422360D-04
      2.692000D+03           7.521850D-04
      7.634000D+02           3.022790D-03
      2.496000D+02           1.036770D-02
      9.028000D+01           2.625630D-02
      3.529000D+01           5.239890D-02
      1.451000D+01           2.909590D-02
      4.053000D+00          -1.780030D-01
      1.482000D+00          -3.468740D-01
      2.517000D-01           6.230200D-01
      9.243000D-02           5.377120D-01
0 0 1 0 1.0
      9.243000D-02           1.000000D+00
0 2 8 6.0 1.0
      3.159000D+02           3.926560D-03
      7.442000D+01           2.988110D-02
      2.348000D+01           1.272120D-01
      8.488000D+00           3.209430D-01
      3.217000D+00           4.554290D-01
      1.229000D+00           2.685630D-01
      2.964000D-01           1.883360D-02
      8.768000D-02          -2.624310D-03
0 2 8 2.0 1.0
      3.159000D+02          -8.583020D-04
      7.442000D+01          -6.303280D-03
      2.348000D+01          -2.882550D-02
      8.488000D+00          -6.945600D-02
      3.217000D+00          -1.194930D-01
      1.229000D+00          -1.995810D-02
      2.964000D-01           5.102680D-01
      8.768000D-02           6.003820D-01
0 2 1 0 1.0
      8.768000D-02           1.000000D+00
0 3 1 0 1.0
      2.750000D-01           1.0000000
## New atom 15
15 8
0 0 12 2.0 1.0
      9.484000D+04           2.555090D-04
      1.422000D+04           1.981930D-03
      3.236000D+03           1.027600D-02
      9.171000D+02           4.148230D-02
      2.995000D+02           1.319840D-01
      1.081000D+02           3.086620D-01
      4.218000D+01           4.206470D-01
      1.728000D+01           2.228780D-01
      4.858000D+00           1.640350D-02
      1.818000D+00          -2.542550D-03
      3.372000D-01           7.480500D-04
      1.232000D-01          -3.309630D-04
0 0 12 2.0 1.0
      9.484000D+04          -6.969390D-05
      1.422000D+04          -5.352660D-04
      3.236000D+03          -2.837090D-03
      9.171000D+02          -1.139830D-02
      2.995000D+02          -3.929290D-02
      1.081000D+02          -9.963640D-02
      4.218000D+01          -1.979830D-01
      1.728000D+01          -1.148600D-01
      4.858000D+00           5.185950D-01
      1.818000D+00           6.018470D-01
      3.372000D-01           3.686120D-02
      1.232000D-01          -9.707590D-03
0 0 12 2.0 1.0
      9.484000D+04           1.911990D-05
      1.422000D+04           1.472230D-04
      3.236000D+03           7.779120D-04
      9.171000D+02           3.145460D-03
      2.995000D+02           1.082000D-02
      1.081000D+02           2.799570D-02
      4.218000D+01           5.639780D-02
      1.728000D+01           3.581900D-02
      4.858000D+00          -1.933870D-01
      1.818000D+00          -3.720970D-01
      3.372000D-01           6.242460D-01
      1.232000D-01           5.517210D-01
0 0 1 0 1.0
      1.232000D-01           1.000000D+00
0 2 8 6.0 1.0
      3.705000D+02           3.950050D-03
      8.733000D+01           3.024920D-02
      2.759000D+01           1.295540D-01
      1.000000D+01           3.275940D-01
      3.825000D+00           4.569920D-01
      1.494000D+00           2.530860D-01
      3.921000D-01           1.687980D-02
      1.186000D-01          -2.070930D-03
0 2 8 3.0 1.0
      3.705000D+02          -9.598320D-04
      8.733000D+01          -7.111770D-03
      2.759000D+01          -3.271220D-02
      1.000000D+01          -7.957840D-02
      3.825000D+00          -1.350160D-01
      1.494000D+00          -9.105850D-03
      3.921000D-01           5.378020D-01
      1.186000D-01           5.690660D-01
0 2 1 0 1.0
      1.186000D-01           1.000000D+00
0 3 1 0 1.0
      3.730000D-01           1.0000000
## New atom 16
16 8
0 0 12 2.0 1.0
      1.108000D+05           2.476350D-04
      1.661000D+04           1.920260D-03
      3.781000D+03           9.961920D-03
      1.071000D+03           4.029750D-02
      3.498000D+02           1.286040D-01
      1.263000D+02           3.034800D-01
      4.926000D+01           4.214320D-01
      2.016000D+01           2.307810D-01
      5.720000D+00           1.789710D-02
      2.182000D+00          -2.975160D-03
      4.327000D-01           8.495220D-04
      1.570000D-01          -3.679360D-04
0 0 12 2.0 1.0
      1.108000D+05          -6.870390D-05
      1.661000D+04          -5.276810D-04
      3.781000D+03          -2.796710D-03
      1.071000D+03          -1.126510D-02
      3.498000D+02          -3.888340D-02
      1.263000D+02          -9.950250D-02
      4.926000D+01          -1.997400D-01
      2.016000D+01          -1.233600D-01
      5.720000D+00           5.131940D-01
      2.182000D+00           6.071200D-01
      4.327000D-01           3.967530D-02
      1.570000D-01          -9.468640D-03
0 0 12 2.0 1.0
      1.108000D+05           1.990770D-05
      1.661000D+04           1.534830D-04
      3.781000D+03           8.095030D-04
      1.071000D+03           3.289740D-03
      3.498000D+02           1.129670D-02
      1.263000D+02           2.963850D-02
      4.926000D+01           5.998510D-02
      2.016000D+01           4.132480D-02
      5.720000D+00          -2.074740D-01
      2.182000D+00          -3.928890D-01
      4.327000D-01           6.328400D-01
      1.570000D-01           5.569240D-01
0 0 1 0 1.0
      1.570000D-01           1.000000D+00
0 2 8 6.0 1.0
      3.997000D+02           4.475410D-03
      9.419000D+01           3.417080D-02
      2.975000D+01           1.442500D-01
      1.077000D+01           3.539280D-01
      4.119000D+00           4.590850D-01
      1.625000D+00           2.063830D-01
      4.726000D-01           1.021410D-02
      1.407000D-01          -6.031220D-05
0 2 8 4.0 1.0
      3.997000D+02          -1.162510D-03
      9.419000D+01          -8.656640D-03
      2.975000D+01          -3.908860D-02
      1.077000D+01          -9.346250D-02
      4.119000D+00          -1.479940D-01
      1.625000D+00           3.019040D-02
      4.726000D-01           5.615730D-01
      1.407000D-01           5.347760D-01
0 2 1 0 1.0
      1.407000D-01           1.000000D+00
0 3 1 0 1.0
      4.790000D-01           1.0000000
## New atom 17
17 8
0 0 12 2.0 1.0
      1.279000D+05           2.411530D-04
      1.917000D+04           1.870950D-03
      4.363000D+03           9.708270D-03
      1.236000D+03           3.931530D-02
      4.036000D+02           1.259320D-01
      1.457000D+02           2.993410D-01
      5.681000D+01           4.218860D-01
      2.323000D+01           2.372010D-01
      6.644000D+00           1.915310D-02
      2.575000D+00          -3.347920D-03
      5.371000D-01           9.298830D-04
      1.938000D-01          -3.963790D-04
0 0 12 2.0 1.0
      1.279000D+05          -6.789220D-05
      1.917000D+04          -5.218360D-04
      4.363000D+03          -2.765130D-03
      1.236000D+03          -1.115370D-02
      4.036000D+02          -3.859190D-02
      1.457000D+02          -9.948480D-02
      5.681000D+01          -2.013920D-01
      2.323000D+01          -1.303130D-01
      6.644000D+00           5.094430D-01
      2.575000D+00           6.107250D-01
      5.371000D-01           4.215490D-02
      1.938000D-01          -9.234270D-03
0 0 12 2.0 1.0
      1.279000D+05           2.049860D-05
      1.917000D+04           1.582980D-04
      4.363000D+03           8.336390D-04
      1.236000D+03           3.398800D-03
      4.036000D+02           1.167380D-02
      1.457000D+02           3.096220D-02
      5.681000D+01           6.295330D-02
      2.323000D+01           4.602570D-02
      6.644000D+00          -2.193120D-01
      2.575000D+00          -4.087730D-01
      5.371000D-01           6.384650D-01
      1.938000D-01           5.623620D-01
0 0 1 0 1.0
      1.938000D-01           1.000000D+00
0 2 8 6.0 1.0
      4.176000D+02           5.259820D-03
      9.833000D+01           3.983320D-02
      3.104000D+01           1.646550D-01
      1.119000D+01           3.873220D-01
      4.249000D+00           4.570720D-01
      1.624000D+00           1.516360D-01
      5.322000D-01           1.816150D-03
      1.620000D-01           1.882960D-03
0 2 8 5.0 1.0
      4.176000D+02          -1.435700D-03
      9.833000D+01          -1.077960D-02
      3.104000D+01          -4.700750D-02
      1.119000D+01          -1.110300D-01
      4.249000D+00          -1.532750D-01
      1.624000D+00           8.946090D-02
      5.322000D-01           5.794440D-01
      1.620000D-01           4.832720D-01
0 2 1 0 1.0
      1.620000D-01           1.000000D+00
0 3 1 0 1.0
      6.000000D-01           1.0000000