## New atom 1
1 6
0 0 1 1.0 1.0
      3.258000D-01           1.000000D+00
0 0 5 0 1.0
      3.387000D+01           6.068000D-03
      5.095000D+00           4.530800D-02
      1.159000D+00           2.028220D-01
      3.258000D-01           5.039030D-01
      1.027000D-01           3.834210D-01
0 0 1 0 1.0
      1.027000D-01           1.000000D+00
0 2 1 0 1.0
      1.407000D+00           1.000000D+00
0 2 1 0 1.0
      3.880000D-01           1.000000D+00
0 3 1 0 1.0
      1.057000D+00           1.0000000
## New atom 5
5 10
0 0 10 2.0 1.0
      5.473000D+03           5.550000D-04
      8.209000D+02           4.291000D-03
      1.868000D+02           2.194900D-02
      5.283000D+01           8.444100D-02
      1.708000D+01           2.385570D-01
      5.999000D+00           4.350720D-01
      2.208000D+00           3.419550D-01
      5.879000D-01           3.685600D-02
      2.415000D-01          -9.545000D-03
      8.610000D-02           2.368000D-03
0 0 1 2.0 1.0
      5.879000D-01           1.000000D+00
0 0 10 0 1.0
      5.473000D+03          -1.120000D-04
      8.209000D+02          -8.680000D-04
      1.868000D+02          -4.484000D-03
      5.283000D+01          -1.768300D-02
      1.708000D+01          -5.363900D-02
      5.999000D+00          -1.190050D-01
      2.208000D+00          -1.658240D-01
      5.879000D-01           1.201070D-01
      2.415000D-01           5.959810D-01
      8.610000D-02           4.110210D-01
0 0 1 0 1.0
      8.610000D-02           1.000000D+00
0 2 1 1.0 1.0
      2.385000D-01           1.000000D+00
0 2 5 0 1.0
      1.205000D+01           1.311800D-02
      2.613000D+00           7.989600D-02
      7.475000D-01           2.772750D-01
      2.385000D-01           5.042700D-01
      7.698000D-02           3.536800D-01
0 2 1 0 1.0
      7.698000D-02           1.000000D+00
0 3 1 0 1.0
      6.610000D-01           1.000000D+00
0 3 1 0 1.0
      1.990000D-01           1.000000D+00
0 4 1 0 1.0
      4.900000D-01           1.0000000
## New atom 6
6 10
0 0 10 2.0 1.0
      8.236000D+03           5.310000D-04
      1.235000D+03           4.108000D-03
      2.808000D+02           2.108700D-02
      7.927000D+01           8.185300D-02
      2.559000D+01           2.348170D-01
      8.997000D+00           4.344010D-01
      3.319000D+00           3.461290D-01
      9.059000D-01           3.937800D-02
      3.643000D-01          -8.983000D-03
      1.285000D-01           2.385000D-03
0 0 1 2.0 1.0
      9.059000D-01           1.000000D+00
0 0 10 0 1.0
      8.236000D+03          -1.130000D-04
      1.235000D+03          -8.780000D-04
      2.808000D+02          -4.540000D-03
      7.927000D+01          -1.813300D-02
      2.559000D+01          -5.576000D-02
      8.997000D+00          -1.268950D-01
      3.319000D+00          -1.703520D-01
      9.059000D-01           1.403820D-01
      3.643000D-01           5.986840D-01
      1.285000D-01           3.953890D-01
0 0 1 0 1.0
      1.285000D-01           1.000000D+00
0 2 1 2.0 1.0
      3.827000D-01           1.000000D+00
0 2 5 0 1.0
      1.871000D+01           1.403100D-02
      4.133000D+00           8.686600D-02
      1.200000D+00           2.902160D-01
      3.827000D-01           5.010080D-01
      1.209000D-01           3.434060D-01
0 2 1 0 1.0
      1.209000D-01           1.000000D+00
0 3 1 0 1.0
      1.097000D+00           1.000000D+00
0 3 1 0 1.0
      3.180000D-01           1.000000D+00
0 4 1 0 1.0
      7.610000D-01           1.0000000
## New atom 7
7 10
0 0 10 2.0 1.0
      1.142000D+04           5.230000D-04
      1.712000D+03           4.045000D-03
      3.893000D+02           2.077500D-02
      1.100000D+02           8.072700D-02
      3.557000D+01           2.330740D-01
      1.254000D+01           4.335010D-01
      4.644000D+00           3.474720D-01
      1.293000D+00           4.126200D-02
      5.118000D-01          -8.508000D-03
      1.787000D-01           2.384000D-03
0 0 1 2.0 1.0
      1.293000D+00           1.000000D+00
0 0 10 0 1.0
      1.142000D+04          -1.150000D-04
      1.712000D+03          -8.950000D-04
      3.893000D+02          -4.624000D-03
      1.100000D+02          -1.852800D-02
      3.557000D+01          -5.733900D-02
      1.254000D+01          -1.320760D-01
      4.644000D+00          -1.725100D-01
      1.293000D+00           1.518140D-01
      5.118000D-01           5.999440D-01
      1.787000D-01           3.874620D-01
0 0 1 0 1.0
      1.787000D-01           1.000000D+00
0 2 1 3.0 1.0
      5.550000D-01           1.000000D+00
0 2 5 0 1.0
      2.663000D+01           1.467000D-02
      5.948000D+00           9.176400D-02
      1.742000D+00           2.986830D-01
      5.550000D-01           4.984870D-01
      1.725000D-01           3.370230D-01
0 2 1 0 1.0
      1.725000D-01           1.000000D+00
0 3 1 0 1.0
      1.654000D+00           1.000000D+00
0 3 1 0 1.0
      4.690000D-01           1.000000D+00
0 4 1 0 1.0
      1.093000D+00           1.0000000
## New atom 8
8 10
0 0 10 2.0 1.0
      1.533000D+04           5.080000D-04
      2.299000D+03           3.929000D-03
      5.224000D+02           2.024300D-02
      1.473000D+02           7.918100D-02
      4.755000D+01           2.306870D-01
      1.676000D+01           4.331180D-01
      6.207000D+00           3.502600D-01
      1.752000D+00           4.272800D-02
      6.882000D-01          -8.154000D-03
      2.384000D-01           2.381000D-03
0 0 1 2.0 1.0
      1.752000D+00           1.000000D+00
0 0 10 0 1.0
      1.533000D+04          -1.150000D-04
      2.299000D+03          -8.950000D-04
      5.224000D+02          -4.636000D-03
      1.473000D+02          -1.872400D-02
      4.755000D+01          -5.846300D-02
      1.676000D+01          -1.364630D-01
      6.207000D+00          -1.757400D-01
      1.752000D+00           1.609340D-01
      6.882000D-01           6.034180D-01
      2.384000D-01           3.787650D-01
0 0 1 0 1.0
      2.384000D-01           1.000000D+00
0 2 1 4.0 1.0
      7.156000D-01           1.000000D+00
0 2 5 0 1.0
      3.446000D+01           1.592800D-02
      7.749000D+00           9.974000D-02
      2.280000D+00           3.104920D-01
      7.156000D-01           4.910260D-01
      2.140000D-01           3.363370D-01
0 2 1 0 1.0
      2.140000D-01           1.000000D+00
0 3 1 0 1.0
      2.314000D+00           1.000000D+00
0 3 1 0 1.0
      6.450000D-01           1.000000D+00
0 4 1 0 1.0
      1.428000D+00           1.0000000
## New atom 9
9 10
0 0 10 2.0 1.0
      1.950000D+04           5.070000D-04
      2.923000D+03           3.923000D-03
      6.645000D+02           2.020000D-02
      1.875000D+02           7.901000D-02
      6.062000D+01           2.304390D-01
      2.142000D+01           4.328720D-01
      7.950000D+00           3.499640D-01
      2.257000D+00           4.323300D-02
      8.815000D-01          -7.892000D-03
      3.041000D-01           2.384000D-03
0 0 1 2.0 1.0
      2.257000D+00           1.000000D+00
0 0 10 0 1.0
      1.950000D+04          -1.170000D-04
      2.923000D+03          -9.120000D-04
      6.645000D+02          -4.717000D-03
      1.875000D+02          -1.908600D-02
      6.062000D+01          -5.965500D-02
      2.142000D+01          -1.400100D-01
      7.950000D+00          -1.767820D-01
      2.257000D+00           1.716250D-01
      8.815000D-01           6.050430D-01
      3.041000D-01           3.695120D-01
0 0 1 0 1.0
      3.041000D-01           1.000000D+00
0 2 1 5.0 1.0
      9.132000D-01           1.000000D+00
0 2 5 0 1.0
      4.388000D+01           1.666500D-02
      9.926000D+00           1.044720D-01
      2.930000D+00           3.172600D-01
      9.132000D-01           4.873430D-01
      2.672000D-01           3.346040D-01
0 2 1 0 1.0
      2.672000D-01           1.000000D+00
0 3 1 0 1.0
      3.107000D+00           1.000000D+00
0 3 1 0 1.0
      8.550000D-01           1.000000D+00
0 4 1 0 1.0
      1.917000D+00           1.0000000
## New atom 13
13 12
0 0 15 2.0 1.0
      2.055000D+05           6.788360D-05
      3.078000D+04           5.271490D-04
      7.006000D+03           2.762030D-03
      1.985000D+03           1.147280D-02
      6.491000D+02           3.981880D-02
      2.350000D+02           1.150400D-01
      9.162000D+01           2.608870D-01
      3.767000D+01           3.963860D-01
      1.591000D+01           2.845970D-01
      5.850000D+00           4.445830D-02
      2.542000D+00          -4.898380D-03
      1.057000D+00           2.612530D-03
      2.931000D-01          -1.089150D-03
      1.455000D-01           7.220680D-04
      5.650000D-02          -1.784850D-04
0 0 15 2.0 1.0
      2.055000D+05          -1.763770D-05
      3.078000D+04          -1.371950D-04
      7.006000D+03          -7.189100D-04
      1.985000D+03          -3.011460D-03
      6.491000D+02          -1.060140D-02
      2.350000D+02          -3.213450D-02
      9.162000D+01          -8.031560D-02
      3.767000D+01          -1.567940D-01
      1.591000D+01          -1.683760D-01
      5.850000D+00           1.268790D-01
      2.542000D+00           5.614940D-01
      1.057000D+00           4.366130D-01
      2.931000D-01           3.572930D-02
      1.455000D-01          -1.145630D-02
      5.650000D-02           2.202010D-03
0 0 1 2.0 1.0
      2.931000D-01           1.000000D+00
0 0 15 0 1.0
      2.055000D+05           4.073150D-06
      3.078000D+04           3.165660D-05
      7.006000D+03           1.661160D-04
      1.985000D+03           6.949920D-04
      6.491000D+02           2.455110D-03
      2.350000D+02           7.445980D-03
      9.162000D+01           1.882530D-02
      3.767000D+01           3.727720D-02
      1.591000D+01           4.194960D-02
      5.850000D+00          -3.543750D-02
      2.542000D+00          -1.751320D-01
      1.057000D+00          -2.762030D-01
      2.931000D-01           1.087290D-01
      1.455000D-01           6.528090D-01
      5.650000D-02           3.945870D-01
0 0 1 0 1.0
      5.650000D-02           1.000000D+00
0 2 9 6.0 1.0
      4.444000D+02           1.627860D-03
      1.051000D+02           1.306870D-02
      3.347000D+01           6.123410D-02
      1.233000D+01           1.878700D-01
      4.869000D+00           3.604520D-01
      1.961000D+00           4.084540D-01
      7.834000D-01           1.886400D-01
      1.888000D-01           9.765140D-03
      5.557000D-02          -1.150570D-03
0 2 1 1.0 1.0
      7.834000D-01           1.000000D+00
0 2 9 0 1.0
      4.444000D+02          -2.863410D-04
      1.051000D+02          -2.423080D-03
      3.347000D+01          -1.086580D-02
      1.233000D+01          -3.643070D-02
      4.869000D+00          -6.410740D-02
      1.961000D+00          -9.722390D-02
      7.834000D-01           1.474370D-02
      1.888000D-01           5.034480D-01
      5.557000D-02           5.979840D-01
0 2 1 0 1.0
      5.557000D-02           1.000000D+00
0 3 1 0 1.0
      3.330000D-01           1.000000D+00
0 3 1 0 1.0
      1.090000D-01           1.000000D+00
0 4 1 0 1.0
      2.440000D-01           1.0000000
## New atom 14
14 12
0 0 15 2.0 1.0
      2.549000D+05           6.251010D-05
      3.819000D+04           4.855530D-04
      8.690000D+03           2.545160D-03
      2.462000D+03           1.058660D-02
      8.048000D+02           3.687870D-02
      2.913000D+02           1.074790D-01
      1.136000D+02           2.479360D-01
      4.675000D+01           3.909270D-01
      1.982000D+01           3.020260D-01
      7.708000D+00           5.592360D-02
      3.340000D+00          -4.024060D-03
      1.402000D+00           2.580300D-03
      4.387000D-01          -1.038210D-03
      2.070000D-01           6.079300D-04
      7.944000D-02          -1.540220D-04
0 0 15 2.0 1.0
      2.549000D+05          -1.663700D-05
      3.819000D+04          -1.293100D-04
      8.690000D+03          -6.788280D-04
      2.462000D+03          -2.841170D-03
      8.048000D+02          -1.005510D-02
      2.913000D+02          -3.057740D-02
      1.136000D+02          -7.772560D-02
      4.675000D+01          -1.542360D-01
      1.982000D+01          -1.803680D-01
      7.708000D+00           7.982180D-02
      3.340000D+00           5.474410D-01
      1.402000D+00           4.801190D-01
      4.387000D-01           4.748460D-02
      2.070000D-01          -1.069960D-02
      7.944000D-02           2.198710D-03
0 0 1 2.0 1.0
      4.387000D-01           1.000000D+00
0 0 15 0 1.0
      2.549000D+05           4.262570D-06
      3.819000D+04           3.310620D-05
      8.690000D+03           1.740150D-04
      2.462000D+03           7.275740D-04
      8.048000D+02           2.583330D-03
      2.913000D+02           7.863540D-03
      1.136000D+02           2.021550D-02
      4.675000D+01           4.073200D-02
      1.982000D+01           4.993580D-02
      7.708000D+00          -2.493960D-02
      3.340000D+00          -1.903500D-01
      1.402000D+00          -3.183500D-01
      4.387000D-01           9.480360D-02
      2.070000D-01           6.811800D-01
      7.944000D-02           3.956720D-01
0 0 1 0 1.0
      7.944000D-02           1.000000D+00
0 2 9 6.0 1.0
      4.815000D+02           1.920450D-03
      1.139000D+02           1.535520D-02
      3.623000D+01           7.139910D-02
      1.334000D+01           2.130520D-01
      5.252000D+00           3.903540D-01
      2.120000D+00           3.937210D-01
      8.561000D-01           1.325650D-01
      2.528000D-01           3.956300D-03
      7.889000D-02           3.316240D-04
0 2 1 2.0 1.0
      8.561000D-01           1.000000D+00
0 2 9 0 1.0
      4.815000D+02          -4.052200D-04
      1.139000D+02          -3.358960D-03
      3.623000D+01          -1.528600D-02
      1.334000D+01          -4.892180D-02
      5.252000D+00          -8.550080D-02
      2.120000D+00          -1.121370D-01
      8.561000D-01           6.182740D-02
      2.528000D-01           5.519190D-01
      7.889000D-02           5.234920D-01
0 2 1 0 1.0
      7.889000D-02           1.000000D+00
0 3 1 0 1.0
      4.810000D-01           1.000000D+00
0 3 1 0 1.0
      1.590000D-01           1.000000D+00
0 4 1 0 1.0
      3.360000D-01           1.0000000
## New atom 15
15 12
0 0 15 2.0 1.0
      3.124000D+05           5.769600D-05
      4.680000D+04           4.482960D-04
      1.065000D+04           2.349390D-03
      3.018000D+03           9.782650D-03
      9.868000D+02           3.414670D-02
      3.574000D+02           1.002040D-01
      1.396000D+02           2.343720D-01
      5.763000D+01           3.824340D-01
      2.460000D+01           3.180880D-01
      1.012000D+01           7.077880D-02
      4.283000D+00          -1.817990D-03
      1.805000D+00           2.161800D-03
      6.158000D-01          -8.347420D-04
      2.782000D-01           4.322970D-04
      1.055000D-01          -1.142510D-04
0 0 15 2.0 1.0
      3.124000D+05          -1.567090D-05
      4.680000D+04          -1.217240D-04
      1.065000D+04          -6.396720D-04
      3.018000D+03          -2.674260D-03
      9.868000D+02          -9.498310D-03
      3.574000D+02          -2.893490D-02
      1.396000D+02          -7.451210D-02
      5.763000D+01          -1.499380D-01
      2.460000D+01          -1.894670D-01
      1.012000D+01           3.632700D-02
      4.283000D+00           5.288160D-01
      1.805000D+00           5.191150D-01
      6.158000D-01           6.055470D-02
      2.782000D-01          -9.256950D-03
      1.055000D-01           2.103720D-03
0 0 1 2.0 1.0
      6.158000D-01           1.000000D+00
0 0 15 0 1.0
      3.124000D+05           4.306310D-06
      4.680000D+04           3.341940D-05
      1.065000D+04           1.758850D-04
      3.018000D+03           7.343400D-04
      9.868000D+02           2.617750D-03
      3.574000D+02           7.978520D-03
      1.396000D+02           2.079400D-02
      5.763000D+01           4.244460D-02
      2.460000D+01           5.634360D-02
      1.012000D+01          -1.273580D-02
      4.283000D+00          -1.964950D-01
      1.805000D+00          -3.535550D-01
      6.158000D-01           7.414070D-02
      2.782000D-01           7.009120D-01
      1.055000D-01           4.047390D-01
0 0 1 0 1.0
      1.055000D-01           1.000000D+00
0 2 9 6.0 1.0
      5.049000D+02           2.337280D-03
      1.194000D+02           1.854100D-02
      3.796000D+01           8.496930D-02
      1.395000D+01           2.446150D-01
      5.457000D+00           4.227660D-01
      2.177000D+00           3.684390D-01
      8.010000D-01           7.727340D-02
      2.877000D-01          -3.790050D-03
      9.714000D-02           1.599390D-03
0 2 1 3.0 1.0
      8.010000D-01           1.000000D+00
0 2 9 0 1.0
      5.049000D+02          -5.552360D-04
      1.194000D+02          -4.459130D-03
      3.796000D+01          -2.063500D-02
      1.395000D+01          -6.176940D-02
      5.457000D+00          -1.089240D-01
      2.177000D+00          -1.055990D-01
      8.010000D-01           1.534830D-01
      2.877000D-01           5.769810D-01
      9.714000D-02           4.224390D-01
0 2 1 0 1.0
      9.714000D-02           1.000000D+00
0 3 1 0 1.0
      6.520000D-01           1.000000D+00
0 3 1 0 1.0
      2.160000D-01           1.000000D+00
0 4 1 0 1.0
      4.520000D-01           1.0000000
## New atom 16
16 12
0 0 15 2.0 1.0
      3.741000D+05           5.421400D-05
      5.605000D+04           4.208550D-04
      1.276000D+04           2.206980D-03
      3.615000D+03           9.192580D-03
      1.183000D+03           3.211230D-02
      4.288000D+02           9.466830D-02
      1.678000D+02           2.236300D-01
      6.947000D+01           3.743930D-01
      2.984000D+01           3.291080D-01
      1.272000D+01           8.470380D-02
      5.244000D+00           4.408510D-04
      2.219000D+00           1.648270D-03
      7.767000D-01          -6.223320D-04
      3.490000D-01           3.013060D-04
      1.322000D-01          -8.412900D-05
0 0 15 2.0 1.0
      3.741000D+05          -1.498370D-05
      5.605000D+04          -1.161980D-04
      1.276000D+04          -6.115830D-04
      3.615000D+03          -2.553700D-03
      1.183000D+03          -9.087080D-03
      4.288000D+02          -2.770450D-02
      1.678000D+02          -7.200200D-02
      6.947000D+01          -1.464390D-01
      2.984000D+01          -1.951500D-01
      1.272000D+01           8.191930D-03
      5.244000D+00           5.166010D-01
      2.219000D+00           5.421780D-01
      7.767000D-01           6.884300D-02
      3.490000D-01          -9.180720D-03
      1.322000D-01           2.268320D-03
0 0 1 2.0 1.0
      7.767000D-01           1.000000D+00
0 0 15 0 1.0
      3.741000D+05           4.350660D-06
      5.605000D+04           3.371400D-05
      1.276000D+04           1.776740D-04
      3.615000D+03           7.411160D-04
      1.183000D+03           2.645910D-03
      4.288000D+02           8.074870D-03
      1.678000D+02           2.122760D-02
      6.947000D+01           4.383230D-02
      2.984000D+01           6.127160D-02
      1.272000D+01          -3.615100D-03
      5.244000D+00          -2.045100D-01
      2.219000D+00          -3.818710D-01
      7.767000D-01           8.268440D-02
      3.490000D-01           7.141470D-01
      1.322000D-01           3.937910D-01
0 0 1 0 1.0
      1.322000D-01           1.000000D+00
0 2 9 6.0 1.0
      5.744000D+02           2.422640D-03
      1.358000D+02           1.927960D-02
      4.319000D+01           8.854010D-02
      1.587000D+01           2.546540D-01
      6.208000D+00           4.339840D-01
      2.483000D+00           3.549530D-01
      8.688000D-01           6.189410D-02
      3.229000D-01          -5.029770D-03
      1.098000D-01           2.098130D-03
0 2 1 4.0 1.0
      8.688000D-01           1.000000D+00
0 2 9 0 1.0
      5.744000D+02          -6.201020D-04
      1.358000D+02          -4.938820D-03
      4.319000D+01          -2.326470D-02
      1.587000D+01          -6.851950D-02
      6.208000D+00          -1.238960D-01
      2.483000D+00          -9.694990D-02
      8.688000D-01           2.282150D-01
      3.229000D-01           5.693940D-01
      1.098000D-01           3.663020D-01
0 2 1 0 1.0
      1.098000D-01           1.000000D+00
0 3 1 0 1.0
      8.190000D-01           1.000000D+00
0 3 1 0 1.0
      2.690000D-01           1.000000D+00
0 4 1 0 1.0
      5.570000D-01           1.0000000
## New atom 17
17 12
0 0 15 2.0 1.0
      4.561000D+05           4.929700D-05
      6.833000D+04           3.830290D-04
      1.555000D+04           2.008540D-03
      4.405000D+03           8.385580D-03
      1.439000D+03           2.947030D-02
      5.204000D+02           8.783250D-02
      2.031000D+02           2.114730D-01
      8.396000D+01           3.653640D-01
      3.620000D+01           3.408840D-01
      1.583000D+01           1.021330D-01
      6.334000D+00           3.116750D-03
      2.694000D+00           1.057510D-03
      9.768000D-01          -3.780000D-04
      4.313000D-01           1.561360D-04
      1.625000D-01          -5.141260D-05
0 0 15 2.0 1.0
      4.561000D+05          -1.383040D-05
      6.833000D+04          -1.072790D-04
      1.555000D+04          -5.650830D-04
      4.405000D+03          -2.361350D-03
      1.439000D+03          -8.458860D-03
      5.204000D+02          -2.596380D-02
      2.031000D+02          -6.863620D-02
      8.396000D+01          -1.418740D-01
      3.620000D+01          -1.993190D-01
      1.583000D+01          -1.956620D-02
      6.334000D+00           4.997410D-01
      2.694000D+00           5.637360D-01
      9.768000D-01           7.903250D-02
      4.313000D-01          -8.350910D-03
      1.625000D-01           2.324560D-03
0 0 1 2.0 1.0
      9.768000D-01           1.000000D+00
0 0 15 0 1.0
      4.561000D+05           4.185460D-06
      6.833000D+04           3.243950D-05
      1.555000D+04           1.711050D-04
      4.405000D+03           7.141760D-04
      1.439000D+03           2.567050D-03
      5.204000D+02           7.885520D-03
      2.031000D+02           2.108670D-02
      8.396000D+01           4.422640D-02
      3.620000D+01           6.516700D-02
      1.583000D+01           6.030120D-03
      6.334000D+00          -2.064950D-01
      2.694000D+00          -4.058710D-01
      9.768000D-01           7.595580D-02
      4.313000D-01           7.256610D-01
      1.625000D-01           3.944230D-01
0 0 1 0 1.0
      1.625000D-01           1.000000D+00
0 2 9 6.0 1.0
      6.633000D+02           2.404480D-03
      1.568000D+02           1.921480D-02
      4.998000D+01           8.850970D-02
      1.842000D+01           2.560200D-01
      7.240000D+00           4.369270D-01
      2.922000D+00           3.503340D-01
      1.022000D+00           5.854950D-02
      3.818000D-01          -4.584230D-03
      1.301000D-01           2.269700D-03
0 2 1 5.0 1.0
      1.022000D+00           1.000000D+00
0 2 9 0 1.0
      6.633000D+02          -6.521450D-04
      1.568000D+02          -5.194450D-03
      4.998000D+01          -2.469380D-02
      1.842000D+01          -7.281670D-02
      7.240000D+00          -1.340300D-01
      2.922000D+00          -9.477420D-02
      1.022000D+00           2.622890D-01
      3.818000D-01           5.646670D-01
      1.301000D-01           3.412500D-01
0 2 1 0 1.0
      1.301000D-01           1.000000D+00
0 3 1 0 1.0
      1.046000D+00           1.000000D+00
0 3 1 0 1.0
      3.440000D-01           1.000000D+00
0 4 1 0 1.0
      7.060000D-01           1.0000000