## New atom 1
1 3
0 0 3 1.0 1.0
     13.0107010              0.19682158D-01
      1.9622572              0.13796524
      0.44453796             0.47831935
0 0 1 0 1.0
      0.12194962             1.0000000
0 2 1 0 1.0
      0.8000000              1.0000000
## New atom 5
5 6
0 0 5 2.0 1.0
    839.31830086            -0.55929201074D-02
    126.26464843            -0.41565520771D-01
     28.620600763           -0.18299816983
      7.8793722710          -0.46540391866
      2.4088857172          -0.44173884791
0 0 1 2.0 1.0
      0.25105109036          1.0000000
0 0 1 0 1.0
      0.83648866069D-01      1.0000000
0 2 3 1.0 1.0
      6.0332223619          -0.35603672456D-01
      1.2499157866          -0.19895775769
      0.33871676350         -0.50850202618
0 2 1 0 1.0
      0.96415632351D-01      1.0000000
0 3 1 0 1.0
      0.5000000              1.0000000
## New atom 6
6 6
0 0 5 2.0 1.0
   1238.4016938              0.54568832082D-02
    186.29004992             0.40638409211D-01
     42.251176346            0.18025593888
     11.676557932            0.46315121755
      3.5930506482           0.44087173314
0 0 1 2.0 1.0
      0.40245147363          1.0000000
0 0 1 0 1.0
      0.13090182668          1.0000000
0 2 3 2.0 1.0
      9.4680970621           0.38387871728D-01
      2.0103545142           0.21117025112
      0.54771004707          0.51328172114
0 2 1 0 1.0
      0.15268613795          1.0000000
0 3 1 0 1.0
      0.8000000              1.0000000
## New atom 7
7 6
0 0 5 2.0 1.0
   1712.8415853             -0.53934125305D-02
    257.64812677            -0.40221581118D-01
     58.458245853           -0.17931144990
     16.198367905           -0.46376317823
      5.0052600809          -0.44171422662
0 0 1 2.0 1.0
      0.58731856571          1.0000000
0 0 1 0 1.0
      0.18764592253          1.0000000
0 2 3 3.0 1.0
     13.571470233           -0.40072398852D-01
      2.9257372874          -0.21807045028
      0.79927750754         -0.51294466049
0 2 1 0 1.0
      0.21954348034          1.0000000
0 3 1 0 1.0
      1.0000000              1.0000000
## New atom 8
8 6
0 0 5 2.0 1.0
   2266.1767785             -0.53431809926D-02
    340.87010191            -0.39890039230D-01
     77.363135167           -0.17853911985
     21.479644940           -0.46427684959
      6.6589433124          -0.44309745172
0 0 1 2.0 1.0
      0.80975975668          1.0000000
0 0 1 0 1.0
      0.25530772234          1.0000000
0 2 3 4.0 1.0
     17.721504317            0.43394573193D-01
      3.8635505440           0.23094120765
      1.0480920883           0.51375311064
0 2 1 0 1.0
      0.27641544411          1.0000000
0 3 1 0 1.0
      1.2000000              1.0000000
## New atom 9
9 6
0 0 5 2.0 1.0
   2894.8325990             -0.53408255515D-02
    435.41939120            -0.39904258866D-01
     98.843328866           -0.17912768038
     27.485198001           -0.46758090825
      8.5405498171          -0.44653131020
0 0 1 2.0 1.0
      1.0654578038           1.0000000
0 0 1 0 1.0
      0.33247346748          1.0000000
0 2 3 5.0 1.0
     22.696633924           -0.45212874436D-01
      4.9872339257          -0.23754317067
      1.3491613954          -0.51287353587
0 2 1 0 1.0
      0.34829881977          1.0000000
0 3 1 0 1.0
      1.4000000              1.0000000
## New atom 13
13 8
0 0 5 2.0 1.0
   5887.5727030              0.13483347987D-02
    885.61225996             0.10071576809D-01
    201.13604899             0.45132454056D-01
     56.284974674            0.11461268043
     17.229551243            0.10159608943
0 0 3 2.0 1.0
     29.340249922            0.69347454208D-01
      3.0439630420          -0.42528117679
      1.1285539518          -0.41449832210
0 0 1 2.0 1.0
      0.14234175160          1.0000000
0 0 1 0 1.0
      0.54400192313D-01      1.0000000
0 2 5 6.0 1.0
    145.11918809             0.63963373134D-02
     33.717894833            0.44189359965D-01
     10.369863083            0.15581575993
      3.5135616036           0.28635286951
      1.1980050273           0.22921423248
0 2 1 1.0 1.0
      0.26583005913          1.0000000
0 2 1 0 1.0
      0.71003361994D-01      1.0000000
0 3 1 0 1.0
      0.3000000              1.0000000
## New atom 14
14 8
0 0 5 2.0 1.0
   6903.7118686              0.13373962995D-02
   1038.4346419              0.99966546241D-02
    235.87581480             0.44910165101D-01
     66.069385169            0.11463638540
     20.247945761            0.10280063858
0 0 3 2.0 1.0
     34.353481730            0.70837285010D-01
      3.6370788192          -0.43028836252
      1.4002048599          -0.41382774969
0 0 1 2.0 1.0
      0.20484414805          1.0000000
0 0 1 0 1.0
      0.77994095468D-01      1.0000000
0 2 5 6.0 1.0
    179.83907373             0.61916656462D-02
     41.907258846            0.43399431982D-01
     12.955294367            0.15632019351
      4.4383267393           0.29419996982
      1.5462247904           0.23536823814
0 2 1 2.0 1.0
      0.35607612302          1.0000000
0 2 1 0 1.0
      0.10008513762          1.0000000
0 3 1 0 1.0
      0.3500000              1.0000000
## New atom 15
15 8
0 0 5 2.0 1.0
   8002.4795106              0.57503489302D-02
   1203.6813590              0.43007628959D-01
    273.44227031             0.19363986252
     76.655541517            0.49651693399
     23.516927435            0.44983262479
0 0 3 2.0 1.0
     39.791683439            0.95188129789D-01
      4.2770343323          -0.57649840368
      1.6940256888          -0.54239583865
0 0 1 2.0 1.0
      0.27567674644          1.0000000
0 0 1 0 1.0
      0.10495590099          1.0000000
0 2 5 6.0 1.0
    219.50755823             0.92100565257D-02
     51.274155030            0.65409765745D-01
     15.921595892            0.24033730279
      5.5069913481           0.46318321788
      1.9537719426           0.37392563382
0 2 1 3.0 1.0
      0.47803397932          1.0000000
0 2 1 0 1.0
      0.13657952621          1.0000000
0 3 1 0 1.0
      0.4500000              1.0000000
## New atom 16
16 8
0 0 5 2.0 1.0
   9184.9303010             -0.22294387756D-02
   1381.5105503             -0.16683029937D-01
    313.87147580            -0.75262436116D-01
     88.053870623           -0.19376827038
     27.039914905           -0.17718020803
0 0 3 2.0 1.0
     45.648731303           -0.10736062573
      4.9664522326           0.65066293018
      2.0116242047           0.59712155354
0 0 1 2.0 1.0
      0.35661077013          1.0000000
0 0 1 0 1.0
      0.13507221477          1.0000000
0 2 5 6.0 1.0
    261.98233439            -0.92729929822D-02
     61.306894736           -0.66547669241D-01
     19.103729887           -0.24828595903
      6.6567720378          -0.48703847402
      2.3959635161          -0.39337850312
0 2 1 4.0 1.0
      0.61776161679          1.0000000
0 2 1 0 1.0
      0.16993376871          1.0000000
0 3 1 0 1.0
      0.5500000              1.0000000
## New atom 17
17 8
0 0 5 2.0 1.0
  10449.8275660              0.19708362484D-02
   1571.7365221              0.14754727977D-01
    357.12065523             0.66679112875D-01
    100.25185935             0.17228924084
     30.812727554            0.15883786100
0 0 3 2.0 1.0
     51.923789434           -0.10009298909
      5.7045760975           0.60841752753
      2.3508376809           0.54352153355
0 0 1 2.0 1.0
      0.44605124672          1.0000000
0 0 1 0 1.0
      0.16848856190          1.0000000
0 2 5 6.0 1.0
    307.66790569            -0.87801484118D-02
     72.102015515           -0.63563355471D-01
     22.532680262           -0.24016428276
      7.8991765444          -0.47798866557
      2.8767268321          -0.38515850005
0 2 1 5.0 1.0
      0.77459363955          1.0000000
0 2 1 0 1.0
      0.21037699698          1.0000000
0 3 1 0 1.0
      0.6500000              1.0000000