## New atom 1
1 4
0 0 3 1.0 1.0
     34.0613410              0.60251978D-02
      5.1235746              0.45021094D-01
      1.1646626              0.20189726
0 0 1 0 1.0
      0.32723041             1.0000000
0 0 1 0 1.0
      0.10307241             1.0000000
0 2 1 0 1.0
      0.8000000              1.0000000
## New atom 5
5 11
0 0 6 2.0 1.0
   8564.8660687              0.22837198155D-03
   1284.1516263              0.17682576447D-02
    292.27871604             0.91407080516D-02
     82.775469176            0.36342638989D-01
     27.017939269            0.11063458441
      9.8149619660           0.23367344321
0 0 2 2.0 1.0
      3.9318559059           0.41818777978
      1.6595599712           0.22325473798
0 0 1 0 1.0
      0.35762965239          1.0000000
0 0 1 0 1.0
      0.14246277496          1.0000000
0 0 1 0 1.0
      0.60560594768D-01      1.0000000
0 2 4 1.0 1.0
     22.453875803            0.50265575179D-02
      5.1045058330           0.32801738965D-01
      1.4986081344           0.13151230768
      0.50927831315          0.33197167769
0 2 1 0 1.0
      0.18147077798           .47314319570
0 2 1 0 1.0
      0.64621893904D-01       .25802783943
0 3 1 0 1.0
      0.66100000             1.0000000
0 3 1 0 1.0
      0.19900000             1.0000000
0 4 1 0 1.0
      0.49000000             1.0000000
## New atom 6
6 11
0 0 6 2.0 1.0
  13575.3496820              0.22245814352D-03
   2035.2333680              0.17232738252D-02
    463.22562359             0.89255715314D-02
    131.20019598             0.35727984502D-01
     42.853015891            0.11076259931
     15.584185766            0.24295627626
0 0 2 2.0 1.0
      6.2067138508           0.41440263448
      2.5764896527           0.23744968655
0 0 1 0 1.0
      0.57696339419          1.0000000
0 0 1 0 1.0
      0.22972831358          1.0000000
0 0 1 0 1.0
      0.95164440028D-01      1.0000000
0 2 4 2.0 1.0
     34.697232244            0.53333657805D-02
      7.9582622826           0.35864109092D-01
      2.3780826883           0.14215873329
      0.81433208183          0.34270471845
0 2 1 0 1.0
      0.28887547253           .46445822433
0 2 1 0 1.0
      0.10056823671           .24955789874
0 3 1 0 1.0
      1.09700000             1.0000000
0 3 1 0 1.0
      0.31800000             1.0000000
0 4 1 0 1.0
      0.76100000             1.0000000
## New atom 7
7 11
0 0 6 2.0 1.0
  19730.8006470              0.21887984991D-03
   2957.8958745              0.16960708803D-02
    673.22133595             0.87954603538D-02
    190.68249494             0.35359382605D-01
     62.295441898            0.11095789217
     22.654161182            0.24982972552
0 0 2 2.0 1.0
      8.9791477428           0.40623896148
      3.6863002370           0.24338217176
0 0 1 0 1.0
      0.84660076805          1.0000000
0 0 1 0 1.0
      0.33647133771          1.0000000
0 0 1 0 1.0
      0.13647653675          1.0000000
0 2 4 3.0 1.0
     49.200380510            0.55552416751D-02
     11.346790537            0.38052379723D-01
      3.4273972411           0.14953671029
      1.1785525134           0.34949305230
0 2 1 0 1.0
      0.41642204972           .45843153697
0 2 1 0 1.0
      0.14260826011           .24428771672
0 3 1 0 1.0
      1.65400000             1.0000000
0 3 1 0 1.0
      0.46900000             1.0000000
0 4 1 0 1.0
      1.09300000             1.0000000
## New atom 8
8 11
0 0 6 2.0 1.0
  27032.3826310              0.21726302465D-03
   4052.3871392              0.16838662199D-02
    922.32722710             0.87395616265D-02
    261.24070989             0.35239968808D-01
     85.354641351            0.11153519115
     31.035035245            0.25588953961
0 0 2 2.0 1.0
     12.260860728            0.39768730901
      4.9987076005           0.24627849430
0 0 1 0 1.0
      1.1703108158           1.0000000
0 0 1 0 1.0
      0.46474740994          1.0000000
0 0 1 0 1.0
      0.18504536357          1.0000000
0 2 4 4.0 1.0
     63.274954801            0.60685103418D-02
     14.627049379            0.41912575824D-01
      4.4501223456           0.16153841088
      1.5275799647           0.35706951311
0 2 1 0 1.0
      0.52935117943           .44794207502
0 2 1 0 1.0
      0.17478421270           .24446069663
0 3 1 0 1.0
      2.31400000             1.0000000
0 3 1 0 1.0
      0.64500000             1.0000000
0 4 1 0 1.0
      1.42800000             1.0000000
## New atom 9
9 11
0 0 6 2.0 1.0
  35479.1004410              0.21545014888D-03
   5318.4728983              0.16700686527D-02
   1210.4810975              0.86733211476D-02
    342.85518140             0.35049933175D-01
    112.01943181             0.11165320133
     40.714740248            0.25988506647
0 0 2 2.0 1.0
     16.039678111            0.39422966880
      6.5038186740           0.24998238551
0 0 1 0 1.0
      1.5440477509           1.0000000
0 0 1 0 1.0
      0.61223452862          1.0000000
0 0 1 0 1.0
      0.24027979698          1.0000000
0 2 4 5.0 1.0
     80.233900483            0.63685999134D-02
     18.594010743            0.44303143530D-01
      5.6867902653           0.16867248708
      1.9511006294           0.36166346255
0 2 1 0 1.0
      0.66970211298           .44202901491
0 2 1 0 1.0
      0.21651300410           .24319875730
0 3 1 0 1.0
      3.10700000             1.0000000
0 3 1 0 1.0
      0.85500000             1.0000000
0 4 1 0 1.0
      1.91700000             1.0000000
## New atom 13
13 13
0 0 7 2.0 1.0
  37792.5507720              0.57047888709D-03
   5668.0682165              0.44093016538D-02
   1289.8582841              0.22630967411D-01
    364.86596028             0.88025644295D-01
    118.57631515             0.25223701612
     42.024867605            0.45960547169
     15.499501629            0.33277886014
0 0 3 2.0 1.0
     75.208026598            0.19250560190D-01
     23.031408972            0.87906743952D-01
      3.6348797649          -0.34246704535
0 0 2 2.0 1.0
      1.6065049957           1.5106266058
      0.76103394581          0.58071016470
0 0 1 0 1.0
      0.16556708849          1.0000000
0 0 1 0 1.0
      0.60041577113D-01      1.0000000
0 2 5 6.0 1.0
    452.52303192             0.23110812466D-02
    107.08195049             0.18568641823D-01
     34.131021255            0.87216237035D-01
     12.587037428            0.26902101523
      4.9811919704           0.52128324272
0 2 1 1.0 1.0
      2.0070350900            .60271687494
0 2 1 0 1.0
      0.80083714374          1.0000000
0 2 1 0 1.0
      0.20178927472          1.0000000
0 2 1 0 1.0
      0.57895550392D-01      1.0000000
0 3 2 0 1.0
      1.57000000             0.20000000
      0.333000000            1.00000000
0 3 1 0 1.0
      0.111000000            1.0000000
0 4 1 0 1.0
      0.244000000            1.0000000
## New atom 14
14 13
0 0 7 2.0 1.0
  44773.3580780              0.55914765868D-03
   6717.1992104              0.43206040189D-02
   1528.8960325              0.22187096460D-01
    432.54746585             0.86489249116D-01
    140.61505226             0.24939889716
     49.857636724            0.46017197366
     18.434974885            0.34250236575
0 0 3 2.0 1.0
     86.533886111            0.21300063007D-01
     26.624606846            0.94676139318D-01
      4.4953057159          -0.32616264859
0 0 2 2.0 1.0
      2.1035045710           1.3980803850
      1.0106094922           0.63865786699
0 0 1 0 1.0
      0.23701751489          1.0000000
0 0 1 0 1.0
      0.85703405362D-01      1.0000000
0 2 5 6.0 1.0
    394.47503628             0.26285693959D-02
     93.137683104            0.20556257749D-01
     29.519608742            0.92070262801D-01
     10.781663791            0.25565889739
      4.1626574778           0.42111707185
0 2 1 2.0 1.0
      1.6247972989            .34401746318
0 2 1 0 1.0
      0.54306660493          1.0000000
0 2 1 0 1.0
      0.20582073956          1.0000000
0 2 1 0 1.0
      0.70053487306D-01      1.0000000
0 3 2 0 1.0
      2.30300000             0.20000000
      0.476000000            1.00000000
0 3 1 0 1.0
      0.160000000            1.0000000
0 4 1 0 1.0
      0.336000000            1.0000000
## New atom 15
15 13
0 0 7 2.0 1.0
  52426.9992330              0.55207164100D-03
   7863.2660552              0.42678595308D-02
   1789.5227333              0.21931529186D-01
    506.27300165             0.85667168373D-01
    164.60698546             0.24840686605
     58.391918722            0.46336753971
     21.643663201            0.35350558156
0 0 3 2.0 1.0
     99.013837620            0.21895679958D-01
     30.550439817            0.95650470295D-01
      5.4537087661          -0.29454270186
0 0 2 2.0 1.0
      2.6503362563           1.3294381200
      1.2726688867           0.66109396473
0 0 1 0 1.0
      0.31645005203          1.0000000
0 0 1 0 1.0
      0.11417466938          1.0000000
0 2 5 6.0 1.0
    472.27219248             0.25710623052D-02
    111.58882756             0.20250297999D-01
     35.445936418            0.91580716787D-01
     12.990776875            0.25749454014
      5.0486221658           0.42862899758
0 2 1 3.0 1.0
      1.9934049566            .34359817849
0 2 1 0 1.0
      0.66527284430          1.0000000
0 2 1 0 1.0
      0.25516832128          1.0000000
0 2 1 0 1.0
      0.90357762251D-01      1.0000000
0 3 2 0 1.0
      3.12000000             0.20000000
      0.648000000            1.00000000
0 3 1 0 1.0
      0.218000000            1.0000000
0 4 1 0 1.0
      0.452000000            1.0000000
## New atom 16
16 13
0 0 7 2.0 1.0
  60700.9281040              0.54695944225D-03
   9102.6106854              0.42297224557D-02
   2071.4166009              0.21747824159D-01
    586.02476821             0.85100053589D-01
    190.55395021             0.24799128459
     67.630384260            0.46703640406
     25.127306905            0.36434587550
0 0 3 2.0 1.0
    112.57463010             0.21670040240D-01
     34.795554217            0.93602301760D-01
      6.5115556215          -0.26068001422
0 0 2 2.0 1.0
      3.2399032261           1.2842089435
      1.5477160881           0.66036416584
0 0 1 0 1.0
      0.40541030112          1.0000000
0 0 1 0 1.0
      0.14550651059          1.0000000
0 2 5 6.0 1.0
    564.36716027             0.24796796317D-02
    133.42624379             0.19677930250D-01
     42.468271189            0.89980008258D-01
     15.616527580            0.25705880575
      6.1093988469           0.43515167292
0 2 1 4.0 1.0
      2.4404160198            .34883240595
0 2 1 0 1.0
      0.83882201296          1.0000000
0 2 1 0 1.0
      0.31288746900          1.0000000
0 2 1 0 1.0
      0.10770109004          1.0000000
0 3 2 0 1.0
      3.75600000             0.20000000
      0.812000000            1.00000000
0 3 1 0 1.0
      0.273000000            1.0000000
0 4 1 0 1.0
      0.557000000            1.0000000
## New atom 17
17 13
0 0 7 2.0 1.0
  69507.9909450              0.54314897497D-03
  10426.1568800              0.41990463961D-02
   2373.2334061              0.21592141679D-01
    671.56420071             0.84598850094D-01
    218.41999790             0.24757249724
     77.572249714            0.47016930228
     28.888815277            0.37436370716
0 0 3 2.0 1.0
    127.10527185             0.25182166603D-01
     39.339582961            0.10786112456
      7.6740679989          -0.27408821574
0 0 2 2.0 1.0
      3.8745627630           1.3213875014
      1.8385832573           0.68636955368
0 0 1 0 1.0
      0.50229057542          1.0000000
0 0 1 0 1.0
      0.17962723420          1.0000000
0 2 5 6.0 1.0
    666.50423284             0.23632663836D-02
    157.64241690             0.18879300374D-01
     50.262520978            0.87206341273D-01
     18.536078105            0.25285612970
      7.2940532777           0.43507154820
0 2 1 5.0 1.0
      2.9433248995            .35026513165
0 2 1 0 1.0
      1.0404970818           1.0000000
0 2 1 0 1.0
      0.38456415080          1.0000000
0 2 1 0 1.0
      0.13069642732          1.0000000
0 3 2 0 1.0
      4.61000000             0.20000000
      1.01100000             1.00000000
0 3 1 0 1.0
      0.339000000            1.0000000
0 4 1 0 1.0
      0.706000000            1.0000000