## New atom 1
1 3
0 0 3 1.0 1.0
     34.061341               0.60251978D-02
      5.1235746              0.45021094D-01
      1.1646626              0.20189726
0 0 1 0 1.0
      0.32723041             1.0000000
0 0 1 0 1.0
      0.10307241             1.0000000
## New atom 5
5 9
0 0 5 2.0 1.0
   5658.4992                 0.55208327D-03
    848.69703                0.42651420D-02
    193.13656                0.21853165D-01
     54.586317               0.84570678D-01
     17.600126               0.24304764
0 0 1 2.0 1.0
      6.1269618              1.0000000
0 0 1 0 1.0
      2.2245270              1.0000000
0 0 1 0 1.0
      0.55650352             1.0000000
0 0 1 0 1.0
      0.23876229             1.0000000
0 0 1 0 1.0
      0.85793955D-01         1.0000000
0 2 4 1.0 1.0
     22.455802              -0.50260621D-02
      5.1030675             -0.32826976D-01
      1.4984096             -0.13140941
      0.50989073            -0.33125264
0 2 1 0 1.0
      0.18191350             1.0000000
0 2 1 0 1.0
      0.64827183D-01         1.0000000
## New atom 6
6 9
0 0 5 2.0 1.0
   8506.0384                 0.53373664D-03
   1275.7329                 0.41250232D-02
    290.31187                0.21171337D-01
     82.056200               0.82417860D-01
     26.479641               0.24012858
0 0 1 2.0 1.0
      9.2414585              1.0000000
0 0 1 0 1.0
      3.3643530              1.0000000
0 0 1 0 1.0
      0.87174164             1.0000000
0 0 1 0 1.0
      0.36352352             1.0000000
0 0 1 0 1.0
      0.12873135             1.0000000
0 2 4 2.0 1.0
     34.709496               0.53300974D-02
      7.9590883              0.35865814D-01
      2.3786972              0.14200299
      0.81540065             0.34203105
0 2 1 0 1.0
      0.28953785             1.0000000
0 2 1 0 1.0
      0.10084754             1.0000000
## New atom 7
7 9
0 0 5 2.0 1.0
  11913.416756              -0.52297017365D-03
   1786.7213834             -0.40428404036D-02
    406.59012834            -0.20772715125D-01
    114.92525065            -0.81183137849D-01
     37.105883422           -0.23871497395
0 0 1 2.0 1.0
     12.971676198            1.0000000000
0 0 1 0 1.0
      4.7302291164           1.0000000000
0 0 1 0 1.0
      1.2525184258           1.0000000000
0 0 1 0 1.0
      0.51260071231          1.0000000000
0 0 1 0 1.0
      0.17939714002          1.0000000000
0 2 4 3.0 1.0
     49.218758392            0.55526953476D-02
     11.348935304            0.38054617957D-01
      3.4285088246           0.14941412242
      1.1799512559           0.34898187368
0 2 1 0 1.0
      0.41726122577          1.0000000000
0 2 1 0 1.0
      0.14295131280          1.0000000000
## New atom 8
8 9
0 0 5 2.0 1.0
  15902.647459               0.51499803703D-03
   2384.9537829              0.39819764428D-02
    542.71957182             0.20476971922D-01
    153.40407874             0.80262367915D-01
     49.545716140            0.23766839947
0 0 1 2.0 1.0
     17.339649897            1.0000000000
0 0 1 0 1.0
      6.3303355272           1.0000000000
0 0 1 0 1.0
      1.6995882201           1.0000000000
0 0 1 0 1.0
      0.68954491271          1.0000000000
0 0 1 0 1.0
      0.23936028181          1.0000000000
0 2 4 4.0 1.0
     63.270524011            0.60709205960D-02
     14.623312295            0.41947688723D-01
      4.4489518003           0.16156883988
      1.5281513180           0.35682779292
0 2 1 0 1.0
      0.52997315870          1.0000000000
0 2 1 0 1.0
      0.17509445998          1.0000000000
## New atom 9
9 9
0 0 5 2.0 1.0
  20450.489                  0.51103495D-03
   3066.9547                 0.39518820D-02
    697.91003                0.20334553D-01
    197.27020                0.79876480D-01
     63.728343               0.23775601
0 0 1 2.0 1.0
     22.321809               1.0000000
0 0 1 0 1.0
      8.1557609              1.0000000
0 0 1 0 1.0
      2.2114295              1.0000000
0 0 1 0 1.0
      0.89038567             1.0000000
0 0 1 0 1.0
      0.30696604             1.0000000
0 2 4 5.0 1.0
     80.218020               0.63744464D-02
     18.587281               0.44360191D-01
      5.6844581              0.16880038
      1.9512781              0.36162979
0 2 1 0 1.0
      0.67024114             1.0000000
0 2 1 0 1.0
      0.21682252             1.0000000
## New atom 13
13 12
0 0 5 2.0 1.0
  68090.411677               0.28412905423D-03
  10207.540822               0.22020699743D-02
   2322.8045854              0.11433443851D-01
    656.88653838             0.46284585620D-01
    212.96694104             0.14910565793
0 0 1 2.0 1.0
     75.724716585            1.0000000000
0 0 2 0 1.0
     29.076320024            0.41663518108
     11.859623934            0.18978371361
0 0 1 2.0 1.0
      3.3162153181           1.0000000000
0 0 1 0 1.0
      1.1754788791           1.0000000000
0 0 1 0 1.0
      0.17520528550          1.0000000000
0 0 1 0 1.0
      0.64758746484D-01      1.0000000000
0 2 5 6.0 1.0
    442.79182587             0.16391118430D-02
    104.75988837             0.13143515460D-01
     33.375979447            0.61497708063D-01
     12.305387957            0.18825908851
      4.8642475706           0.36062611202
0 2 1 1.0 1.0
      1.9604027100           1.0000000000
0 2 1 0 1.0
      0.78436733817          1.0000000000
0 2 1 0 1.0
      0.19014165079          1.0000000000
0 2 1 0 1.0
      0.55874372985D-01      1.0000000000
## New atom 14
14 12
0 0 5 2.0 1.0
  79079.434                  0.26431386D-03
  11855.010                  0.20485143D-02
   2697.7051                 0.10637241D-01
    762.87227                0.43082477D-01
    247.28455                0.13898279
0 0 1 2.0 1.0
     87.931240               1.0000000
0 0 2 2.0 1.0
     33.823284               0.44071543
     13.868108               0.20091165
0 0 1 0 1.0
      3.9920017              1.0000000
0 0 1 0 1.0
      1.4659925              1.0000000
0 0 1 0 1.0
      0.25271086             1.0000000
0 0 1 0 1.0
      0.92491673D-01         1.0000000
0 2 5 6.0 1.0
    483.02352                0.19161547D-02
    114.25081                0.15309765D-01
     36.387786               0.71094358D-01
     13.411704               0.21243244
      5.2884033              0.38976302
0 2 1 2.0 1.0
      2.1374219              1.0000000
0 2 1 0 1.0
      0.86468463             1.0000000
0 2 1 0 1.0
      0.25489855             1.0000000
0 2 1 0 1.0
      0.79397031D-01         1.0000000
## New atom 15
15 12
0 0 5 2.0 1.0
  91049.049525               0.25380174651D-03
  13649.248864               0.19671239007D-02
   3105.9432074              0.10216063035D-01
    878.25982630             0.41399162020D-01
    284.63392907             0.13375414976
0 0 1 2.0 1.0
    101.20610005             1.0000000000
0 0 2 2.0 1.0
     38.977841424            0.45416113007
     16.048494073            0.20742198000
0 0 1 0 1.0
      4.7225339088           1.0000000000
0 0 1 0 1.0
      1.7825221852           1.0000000000
0 0 1 0 1.0
      0.33962967880          1.0000000000
0 0 1 0 1.0
      0.12333859847          1.0000000000
0 2 5 6.0 1.0
    528.44389328            -0.22815190152D-02
    124.97149951            -0.18183642042D-01
     39.795709248           -0.83940700526D-01
     14.657544973           -0.24604713872
      5.7578892754          -0.43655667531
0 2 1 3.0 1.0
      2.3123200955           1.0000000000
0 2 1 0 1.0
      0.88993780996          1.0000000000
0 2 1 0 1.0
      0.30467149910          1.0000000000
0 2 1 0 1.0
      0.10078153964          1.0000000000
## New atom 16
16 12
0 0 5 2.0 1.0
 103953.95                   0.24742717D-03
  15583.786                  0.19177683D-02
   3546.1293                 0.99609995D-02
   1002.6808                 0.40386429D-01
    324.90288                0.13067523
0 0 1 2.0 1.0
    115.51225                1.0000000
0 0 2 2.0 1.0
     44.528210               0.50403551
     18.397892               0.23068051
0 0 1 0 1.0
      5.5100683              1.0000000
0 0 1 0 1.0
      2.1259867              1.0000000
0 0 1 0 1.0
      0.43691893             1.0000000
0 0 1 0 1.0
      0.15730851             1.0000000
0 2 5 6.0 1.0
    606.69367                0.23229645D-02
    143.50696                0.18570532D-01
     45.746160               0.86032740D-01
     16.872912               0.25248431
      6.6399196              0.44632742
0 2 1 4.0 1.0
      2.6727135              1.0000000
0 2 1 0 1.0
      1.0000089              1.0000000
0 2 1 0 1.0
      0.35438942             1.0000000
0 2 1 0 1.0
      0.11671305             1.0000000
## New atom 17
17 12
0 0 5 2.0 1.0
 117805.79                   0.24180754D-03
  17660.265                  0.18742680D-02
   4018.5973                 0.97362935D-02
   1136.2231                 0.39494746D-01
    368.12062                0.12797166
0 0 1 2.0 1.0
    130.86154                1.0000000
0 0 2 2.0 1.0
     50.479011               0.42874094
     20.916805               0.19668493
0 0 1 0 1.0
      6.3531388              1.0000000
0 0 1 0 1.0
      2.4948014              1.0000000
0 0 1 0 1.0
      0.54335948             1.0000000
0 0 1 0 1.0
      0.19434366             1.0000000
0 2 1 6.0 1.0
      7.4565293              1.0000000
0 2 5 5.0 1.0
    681.06879                0.23658930D-02
    161.11359                0.18940717D-01
     51.386637               0.87845134D-01
     18.958512               0.25707435
      3.0035158              0.37152361
0 2 1 0 1.0
      1.0609361              1.0000000
0 2 1 0 1.0
      0.39452023             1.0000000
0 2 1 0 1.0
      0.13323279             1.0000000